 380 0.025
 385 0.035
 390 0.045
 395 0.060
 400 0.085
 405 0.120
 410 0.160
 415 0.225
 420 0.300
 425 0.345
 430 0.365
 435 0.380
 440 0.400
 445 0.425
 450 0.460
 455 0.490
 460 0.495
 465 0.470
 470 0.445
 475 0.410
 480 0.415
 485 0.420
 490 0.410
 495 0.360
 500 0.275
 505 0.195
 510 0.130
 515 0.085
 520 0.050
 525 0.025
 530 0.010
 535 0.000
 540 0.000
 545 0.000
 550 0.000
 555 0.000
 560 0.000
 565 0.000
 570 0.000
 575 0.000
 580 0.000
 585 0.000
 590 0.000
 595 0.000
 600 0.000
 605 0.000
 610 0.000
 615 0.000
 620 0.000
 625 0.000
 630 0.000
 635 0.000
 640 0.000
 645 0.000
 650 0.000
 655 0.000
 660 0.000
 665 0.000
 670 0.000
 675 0.000
 680 0.000
 685 0.000
 690 0.000
 695 0.000
 700 0.000
 705 0.000
 710 0.000
 715 0.000
 720 0.000
 725 0.000
 730 0.000
 735 0.000
 740 0.000
 745 0.000
 750 0.000
 755 0.000
 760 0.000
 765 0.000
 770 0.000
 775 0.000
 780 0.000
 785 0.000
 790 0.000
 785 0.000
 800 0.000
