-0.1 0.00212779
-0.0993333 0.00225431
-0.0986667 0.00238743
-0.098 0.00252744
-0.0973333 0.00267462
-0.0966667 0.00282928
-0.096 0.00299173
-0.0953333 0.00316228
-0.0946667 0.00334127
-0.094 0.00352902
-0.0933333 0.00372588
-0.0926667 0.00393221
-0.092 0.00414835
-0.0913333 0.00437469
-0.0906667 0.0046116
-0.09 0.00485945
-0.0893333 0.00511865
-0.0886667 0.00538959
-0.088 0.00567268
-0.0873333 0.00596834
-0.0866667 0.00627698
-0.086 0.00659903
-0.0853333 0.00693492
-0.0846667 0.00728509
-0.084 0.00764999
-0.0833333 0.00803006
-0.0826667 0.00842576
-0.082 0.00883755
-0.0813333 0.00926588
-0.0806667 0.00971121
-0.08 0.010174
-0.0793333 0.0106548
-0.0786667 0.0111539
-0.078 0.0116719
-0.0773333 0.0122093
-0.0766667 0.0127665
-0.076 0.0133439
-0.0753333 0.0139421
-0.0746667 0.0145615
-0.074 0.0152025
-0.0733333 0.0158656
-0.0726667 0.0165512
-0.072 0.0172597
-0.0713333 0.0179917
-0.0706667 0.0187474
-0.07 0.0195274
-0.0693333 0.0203319
-0.0686667 0.0211614
-0.068 0.0220163
-0.0673333 0.0228968
-0.0666667 0.0238034
-0.066 0.0247363
-0.0653333 0.0256958
-0.0646667 0.0266822
-0.064 0.0276958
-0.0633333 0.0287368
-0.0626667 0.0298054
-0.062 0.0309018
-0.0613333 0.0320261
-0.0606667 0.0331785
-0.06 0.0343592
-0.0593333 0.035568
-0.0586667 0.0368053
-0.058 0.0380708
-0.0573333 0.0393646
-0.0566667 0.0406867
-0.056 0.0420369
-0.0553333 0.0434152
-0.0546667 0.0448213
-0.054 0.0462551
-0.0533333 0.0477163
-0.0526667 0.0492047
-0.052 0.0507199
-0.0513333 0.0522616
-0.0506667 0.0538293
-0.05 0.0554226
-0.0493333 0.0570411
-0.0486667 0.0586841
-0.048 0.0603512
-0.0473333 0.0620416
-0.0466667 0.0637547
-0.046 0.0654898
-0.0453333 0.0672462
-0.0446667 0.069023
-0.044 0.0708194
-0.0433333 0.0726345
-0.0426667 0.0744673
-0.042 0.0763169
-0.0413333 0.0781822
-0.0406667 0.0800623
-0.04 0.0819559
-0.0393333 0.0838619
-0.0386667 0.0857793
-0.038 0.0877068
-0.0373333 0.0896433
-0.0366667 0.0915875
-0.036 0.0935385
-0.0353333 0.0954951
-0.0346667 0.0974564
-0.034 0.0994218
-0.0333333 0.101391
-0.0326667 0.103364
-0.032 0.105341
-0.0313333 0.107323
-0.0306667 0.109314
-0.03 0.111318
-0.0293333 0.113339
-0.0286667 0.115388
-0.028 0.117475
-0.0273333 0.119617
-0.0266667 0.121836
-0.026 0.124157
-0.0253333 0.126617
-0.0246667 0.129261
-0.024 0.132144
-0.0233333 0.135335
-0.0226667 0.138916
-0.022 0.142985
-0.0213333 0.14766
-0.0206667 0.153076
-0.02 0.159386
-0.0193333 0.166765
-0.0186667 0.175403
-0.018 0.185508
-0.0173333 0.197298
-0.0166667 0.211002
-0.016 0.226846
-0.0153333 0.245051
-0.0146667 0.26582
-0.014 0.28933
-0.0133333 0.315717
-0.0126667 0.345066
-0.012 0.377397
-0.0113333 0.412654
-0.0106667 0.450694
-0.01 0.491281
-0.00933333 0.534075
-0.00866667 0.578637
-0.008 0.624426
-0.00733333 0.67081
-0.00666667 0.717073
-0.006 0.762435
-0.00533333 0.806071
-0.00466667 0.847137
-0.004 0.884793
-0.00333333 0.918236
-0.00266667 0.946725
-0.002 0.96961
-0.00133333 0.986357
-0.000666667 0.996568
0 1
0.000666667 0.996568
0.00133333 0.986357
0.002 0.96961
0.00266667 0.946725
0.00333333 0.918236
0.004 0.884793
0.00466667 0.847137
0.00533333 0.806071
0.006 0.762435
0.00666667 0.717073
0.00733333 0.67081
0.008 0.624426
0.00866667 0.578637
0.00933333 0.534075
0.01 0.491281
0.0106667 0.450694
0.0113333 0.412654
0.012 0.377397
0.0126667 0.345066
0.0133333 0.315717
0.014 0.28933
0.0146667 0.26582
0.0153333 0.245051
0.016 0.226846
0.0166667 0.211002
0.0173333 0.197298
0.018 0.185508
0.0186667 0.175403
0.0193333 0.166765
0.02 0.159386
0.0206667 0.153076
0.0213333 0.14766
0.022 0.142985
0.0226667 0.138916
0.0233333 0.135335
0.024 0.132144
0.0246667 0.129261
0.0253333 0.126617
0.026 0.124157
0.0266667 0.121836
0.0273333 0.119617
0.028 0.117475
0.0286667 0.115388
0.0293333 0.113339
0.03 0.111318
0.0306667 0.109314
0.0313333 0.107323
0.032 0.105341
0.0326667 0.103364
0.0333333 0.101391
0.034 0.0994218
0.0346667 0.0974564
0.0353333 0.0954951
0.036 0.0935385
0.0366667 0.0915875
0.0373333 0.0896433
0.038 0.0877068
0.0386667 0.0857793
0.0393333 0.0838619
0.04 0.0819559
0.0406667 0.0800623
0.0413333 0.0781822
0.042 0.0763169
0.0426667 0.0744673
0.0433333 0.0726345
0.044 0.0708194
0.0446667 0.069023
0.0453333 0.0672462
0.046 0.0654898
0.0466667 0.0637547
0.0473333 0.0620416
0.048 0.0603512
0.0486667 0.0586841
0.0493333 0.0570411
0.05 0.0554226
0.0506667 0.0538293
0.0513333 0.0522616
0.052 0.0507199
0.0526667 0.0492047
0.0533333 0.0477163
0.054 0.0462551
0.0546667 0.0448213
0.0553333 0.0434152
0.056 0.0420369
0.0566667 0.0406867
0.0573333 0.0393646
0.058 0.0380708
0.0586667 0.0368053
0.0593333 0.035568
0.06 0.0343592
0.0606667 0.0331785
0.0613333 0.0320261
0.062 0.0309018
0.0626667 0.0298054
0.0633333 0.0287368
0.064 0.0276958
0.0646667 0.0266822
0.0653333 0.0256958
0.066 0.0247363
0.0666667 0.0238034
0.0673333 0.0228968
0.068 0.0220163
0.0686667 0.0211614
0.0693333 0.0203319
0.07 0.0195274
0.0706667 0.0187474
0.0713333 0.0179917
0.072 0.0172597
0.0726667 0.0165512
0.0733333 0.0158656
0.074 0.0152025
0.0746667 0.0145615
0.0753333 0.0139421
0.076 0.0133439
0.0766667 0.0127665
0.0773333 0.0122093
0.078 0.0116719
0.0786667 0.0111539
0.0793333 0.0106548
0.08 0.010174
0.0806667 0.00971121
0.0813333 0.00926588
0.082 0.00883755
0.0826667 0.00842576
0.0833333 0.00803006
0.084 0.00764999
0.0846667 0.00728509
0.0853333 0.00693492
0.086 0.00659903
0.0866667 0.00627698
0.0873333 0.00596834
0.088 0.00567268
0.0886667 0.00538959
0.0893333 0.00511865
0.09 0.00485945
0.0906667 0.0046116
0.0913333 0.00437469
0.092 0.00414835
0.0926667 0.00393221
0.0933333 0.00372588
0.094 0.00352902
0.0946667 0.00334127
0.0953333 0.00316228
0.096 0.00299173
0.0966667 0.00282928
0.0973333 0.00267462
0.098 0.00252744
0.0986667 0.00238743
0.0993333 0.00225431
