#   node  parent    dia       xbio       ybio      zbio      region   dendr
#
     0        0     5.445     0          0         0         SOMA    0
#     1        0     3.955     0.0244     -0.0119   -0.825   SOMA      0
#     2        1     2.465     0.09053    -0.0238   -1.65    SOMA      0
     3        0     0.891     -0.00049   -1.715    -2        R4      0
     4        3     0.99      -0.00099   -2.065    -2.35     R4      0
     5        4     0.792     -0.00247   -2.416    -2.7      R4      0
     6        5     0.693     -0.00643   -2.768    -3.05     R4      0
     7        6     0.792     -0.0193    -3.122    -3.4      R4      0
     8        7     0.594     -0.05593   -3.485    -3.75     R4      0
     9        8     0.693     -0.1926    -3.868    -4        R4      0
    10        9     0.594     -0.3       -4.218    -4.35     R4      0
    11       10     0.396     -0.4302    -4.444    -4.75     R4      0
    12       11     0.495     -0.444     -4.592    -5.25     R4      0
    13       12     0.495     -0.247     -4.621    -5.7      R4      0
    14       13     0.792     0.06782    -4.643    -6.05     R4      0
    15       14     0.396     0.3648     -4.703    -6.45     R4      0
    16       15     0.297     0.4079     -4.939    -6.9      R4      0
    17       16     0.398     0.1787     -5.07     -7.3      R4      0
    18       17     0.396     -0.1629    -5.019    -7.65     R4      0
    19       18     0.594     -0.444     -4.732    -7.9      R4      0
    20       19     0.297     -0.5123    -4.338    -8.2      R4      0
    21       20     0.396     -0.5128    -4.155    -8.65     R4      0
    22       21     0.495     -0.5138    -4.258    -9.15     R4      0
    23       22     0.495     -0.5173    -4.555    -9.5      R4      0
    24       23     0.396     -0.5272    -4.892    -9.9      R4      0
    25       24     0.495     -0.5608    -5.207    -10.2     R4      0
    26       25     0.398     -0.7143    -5.361    -10.7     R4      0
    27       26     0.495     -1.083     -5.356    -11.1     R5      0
    28       27     0.398     -1.435     -5.307    -11.4     R5      0
    29       28     0.398     -1.643     -5.132    -11.8     R5      0
    30       29     0.398     -1.771     -4.944    -12.2     R5      0
    31       30     0.396     -1.787     -4.869    -12.7     R5      0
    32       31     0.495     -1.764     -4.872    -13.2     R5      0
    33       32     0.396     -1.669     -4.886    -13.7     R5      0
    34       33     0.495     -1.356     -4.935    -14.1     R5      0
    35       34     0.495     -0.9672    -5.098    -14.3     R5      0
    36       35     0.495     -0.5831    -5.302    -14.6     R5      0
    37       36     0.495     -0.2772    -5.482    -14.9     R5      0
    38       37     0.396     -0.07425   -5.6      -15.3     R5      0
    39       38     0.399     0.00099    -5.569    -15.8     R5      0
    40       39     0.497     0.00297    -5.372    -16.3     R5      0
    41       40     0.398     0.009405   -5.048    -16.7     R5      0
    42       41     0.497     0.02871    -4.715    -17.1     R5      0
    43       42     0.495     0.0995     -4.443    -17.4     R5      0
    44       43     0.497     0.2381     -4.356    -17.9     R5      0
    45       44     0.397     0.2812     -4.356    -18.4     R5      0
    46       45     0.398     0.3589     -4.356    -18.9     R5      0
    47       46     0.397     0.6212     -4.356    -19.3     R5      0
    48       47     0.495     0.8766     -4.356    -19.8     R5      0
    49       48     0.495     1.142      -4.356    -20.2     R5      0
    50       49     0.396     1.266      -4.355    -20.7     R5      0
    51       50     0.495     1.243      -4.354    -21.2     R5      0
    52       51     0.495     1.118      -4.349    -21.6     R5      0
    53       52     0.495     0.8707     -4.333    -22.1     R6      0
    54       53     0.495     0.7677     -4.27     -22.6     R6      0
    55       54     0.594     0.7658     -4.069    -23       R6      0
    56       55     0.397     0.7583     -3.848    -23.4     R6      0
    57       56     0.495     0.7301     -3.642    -23.9     R6      0
    58       57     0.495     0.6074     -3.517    -24.3     R6      0
    59       58     0.396     0.5475     -3.366    -24.8     R6      0
    60       59     0.495     0.6569     -3.327    -25.3     R6      0
    61       60     0.594     0.7885     -3.317    -25.8     R6      0
    62       61     0.495     0.9058     -3.275    -26.3     R6      0
    63       62     0.594     1.098      -3.124    -26.7     R6      0
    64       63     0.594     1.323      -2.952    -27.1     R6      0
    65       64     0.594     1.585      -2.84     -27.5     R6      0
    66       65     0.495     1.885      -2.818    -27.9     R6      0
    67       66     0.297     2.037      -2.818    -28.3     R6      0
    68       67     0.398     2.05       -2.817    -28.8     R6      0
    69       68     0.495     2.05       -2.813    -29.3     R6      0
    70       69     0.399     2.05       -2.795    -29.8     R6      0
    71       70     0.398     2.05       -2.716    -30.3     R6      0
    72       71     0.497     2.05       -2.538    -30.8     R6      0
    73       72     0.497     2.05       -2.353    -31.3     R6      0
    74       73     0.396     2.053      -2.111    -31.7     R6      0
    75       74     0.495     2.064      -2.006    -32.2     R6      0
    76       75     0.594     2.109      -1.872    -32.7     R6      0
    77       76     0.891     2.283      -1.799    -33.2     R7      701
    78       77     0.594     2.435      -1.805    -33.3     R7      0
    79       78     0.396     2.611      -1.841    -33.8     R7      0
    80       79     0.495     2.776      -1.985    -34.2     R7      0
    81       80     0.495     2.88       -2.305    -34.6     R7      0
    82       81     0.495     2.897      -2.348    -34.7     R7      0
    83       82     0.495     3.028      -2.742    -34.9     R7      0
    84       83     0.594     3.074      -3.111    -35.2     R7      0
    85       84     0.25      3.074      -3.454    -35.6     R7      0
    86       85     0.25      3.074      -3.783    -36       R7      0
    87       86     0.297     3.074      -3.976    -36.2     R7      0
    88       87     0.297     3.074      -3.994    -36.3     R7      0
    89       88     0.297     3.074      -4.086    -36.8     R7      0
    90       89     0.495     3.074      -4.044    -37.2     R7      0
    91       90     0.495     3.074      -4.026    -37.3     R7      0
    92       91     0.693     3.074      -3.821    -37.8     R7      0
    93       92     0.693     3.074      -3.501    -38.2     R7      0
    94       93     0.396     3.074      -3.191    -38.5     R7      0
    95       94     0.297     3.073      -3.073    -39       R7      0
    96       95     0.297     3.069      -3.017    -39.5     R7      0
    97       96     0.396     3.055      -2.847    -40       R7      0
    98       97     0.495     3.011      -2.633    -40.3     R7      0
    99       98     0.396     2.965      -2.595    -40.5     R7      0
   100       99     0.396     2.83       -2.443    -41       R7      0
   101      100     0.396     2.779      -2.195    -41.3     R7      0
   102      101     0.25      2.654      -2.058    -41.8     R7      0
   103      102     0.25      2.423      -2.036    -42.2     R7      0
   104      103     0.25      2.111      -2.005    -42.6     R7      0
   105      104     0.25      1.772      -1.826    -43       R7      0
   106      105     0.399     1.367      -1.547    -43       R7      0
   107      106     0.594     1.05       -1.182    -42.8     R7      0
   108      107     0.594     0.8093     -0.7687   -42.8     R7      0
   109      108     0.396     0.7326     -0.6009   -42.7     R7      0
   110      109     0.396     0.4653     -0.1866   -42.8     R7      0
   111      110     0.396     0.2015     0.2138    -42.8     R7      0
   112      111     0.396     -0.08266   0.6108    -42.9     R7      0
   113      112     0.297     -0.3604    0.9855    -42.8     R7      0
   114      113     0.25      -0.5915    1.231     -42.5     R7      0
   115      114     0.594     -0.8375    1.401     -42       R7      0
   116      115     0.495     -0.845     1.409     -42       R7      0
   117      116     0.495     -1.152     1.76      -41.9     R7      0
   118      117     0.399     -1.337     2.194     -41.8     R7      0
   119      118     0.396     -1.32      2.672     -41.7     R7      0
   120      119     0.396     -1.242     3.14      -41.8     R7      0
   121      120     0.396     -1.111     3.608     -41.9     R7      0
   122      121     0.396     -1.037     4.08      -41.8     R7      0
   123      122     0.3063    -1.074     4.416     -41.5     R7      0
   124      123     0.495     -1.26      4.347     -41       R7      0
   125      124     0.396     -1.592     4.15      -40.7     R7      0
   126      125     0.495     -1.885     3.872     -40.4     R7      0
   127      126     0.495     -1.979     3.791     -40.3     R7      0
   128      127     0.495     -2.333     3.606     -40       R7      0
   129      128     0.495     -2.702     3.565     -39.8     R7      0
   130      129     0.693     -3.068     3.532     -39.4     R7      0
   131      130     0.396     -3.17      3.492     -39.3     R7      0
   132      131     0.399     -3.559     3.391     -39       R7      0
   133      132     0.396     -3.871     3.452     -38.7     R7      0
   134      133     0.25      -4.168     3.56      -38.3     R7      0
   135      134     0.396     -4.556     3.574     -38       R7      0
   136      135     0.745     -4.963     3.543     -37.7     R7      0
   137      136     0.297     -5.359     3.427     -37.5     R7      0
   138      137     0.396     -5.739     3.337     -37.2     R7      0
   139      138     0.396     -6.087     3.301     -36.8     R7      0
   140      139     0.495     -6.4       3.231     -36.4     R7      0
   141      140     0.35      -6.69      3.103     -36       R7      0
   142      141     0.35      -6.693     3.103     -36       R7      0
   143      142     0.297     -7.103     3.074     -35.8     R7      0
   144      143     0.297     -7.59      3.074     -35.7     R7      0
   145      144     0.495     -8.073     3.075     -35.6     R7      0
   146      145     0.495     -8.55      3.079     -35.5     R7      0
   147      146     0.297     -9.044     3.094     -35.5     R7      0
   148      147     0.594     -9.532     3.159     -35.5     R7      0
   149      148     0.794     -10        3.308     -35.5     R7      0
   150      149     0.795     -10.49     3.349     -35.4     R7      0
   151      150     0.793     -10.95     3.403     -35.2     R7      0
   152      151     0.796     -11.38     3.593     -35.1     R7      0
   153      152     0.496     -11.79     3.843     -35       R8      819
   154      141     0.35      -6.676     2.967     -35.9     R7      0
   155      154     0.398     -6.753     2.564     -35.7     R7      0
   156      155     0.397     -7.04      2.207     -35.5     R7      0
   157      156     0.396     -7.407     1.904     -35.4     R7      0
   158      157     0.398     -7.826     1.739     -35.2     R7      0
   159      158     0.299     -8.199     1.537     -35       R8      0
   160      130     0.693     -3.074     3.331     -39.1     R7      0
   161      160     0.495     -3.082     3.086     -38.8     R7      0
   162      161     0.297     -3.088     2.977     -38.7     R7      0
   163      162     0.396     -3.124     2.718     -38.2     R7      0
   164      163     0.35      -3.276     2.492     -37.8     R7      0
   165      164     0.35      -3.507     2.179     -37.5     R7      0
   166      165     0.35      -3.585     1.695     -37.5     R7      0
   167      166     0.64      -3.579     1.202     -37.5     R7      0
   168      167     0.35      -3.556     0.7361    -37.3     R7      0
   169      168     0.298     -3.434     0.2935    -37.2     R7      0
   170      169     0.299     -3.074     0         -37       R8      818
   171      161     0.495     -2.809     3.074     -38.5     R7      0
   172      171     0.25      -2.728     3.074     -38       R7      0
   173      172     0.25      -2.562     3.074     -37.5     R8      0
   174      160     0.495     -3.152     3.331     -39.1     R7      0
   175      174     0.299     -3.577     3.445     -38.9     R7      0
   176      175     0.298     -3.92      3.786     -38.8     R7      0
   177      176     0.297     -4.061     4.25      -38.8     R7      0
   178      177     0.299     -4.356     4.611     -38.8     R8      0
   179      126     0.712     -1.914     3.522     -40.4     R7      0
   180      179     0.7092    -1.971     3.143     -40.3     R7      0
   181      180     0.396     -1.518     2.844     -40.3     R7      0
   182      181     0.25      -1.025     2.818     -40.3     R8      0
   183      115     0.396     -0.9256    1.345     -41.8     R7      0
   184      183     0.297     -1.07      1.055     -41.5     R7      0
   185      184     0.297     -1.209     0.6074    -41.4     R7      0
   186      185     0.298     -1.126     0.1772    -41.2     R7      0
   187      186     0.495     -1.03      -0.2623   -41       R7      0
   188      187     0.396     -1.041     -0.6623   -40.8     R7      0
   189      188     0.594     -1.075     -1.024    -40.4     R7      0
   190      189     0.298     -1.211     -1.385    -40.1     R7      0
   191      190     0.299     -1.485     -1.667    -39.8     R7      0
   192      191     0.25      -1.537     -1.793    -39.3     R8      0
   193      108     0.297     0.7895     -0.6435   -42.6     R7      0
   194      193     0.299     0.9875     -0.4871   -42.2     R7      0
   195      194     0.396     1.361      -0.4123   -42       R7      0
   196      195     0.693     1.739      -0.2851   -41.6     R7      0
   197      196     0.396     2.001      -0.2574   -41.2     R7      0
   198      197     0.399     2.116      -0.2609   -40.8     R7      0
   199      198     0.399     2.311      -0.2747   -40.3     R7      0
   200      199     0.495     2.598      -0.3193   -39.9     R7      0
   201      200     0.297     2.982      -0.4514   -39.7     R7      0
   202      201     0.298     3.341      -0.4698   -39.3     R7      0
   203      202     0.495     3.624      -0.3604   -38.9     R7      0
   204      203     0.398     3.906      -0.2228   -38.5     R7      0
   205      204     0.396     4.22       -0.03514  -38.2     R7      0
   206      205     0.297     4.533      0.1782    -37.9     R7      0
   207      206     0.25      4.611      0.5123    -37.5     R8      0
   208      196     0.495     2.042      -0.5069   -41.6     R7      0
   209      208     0.297     2.382      -0.7356   -41.9     R7      0
   210      209     0.25      2.865      -0.7173   -41.8     R7      0
   211      210     0.198     3.282      -0.5539   -41.6     R7      0
   212      211     0.25      3.587      -0.2559   -41.4     R8      809
   213       98     0.396     3.066      -2.351    -40.6     R7      0
   214      213     0.398     3.444      -2.077    -40.7     R7      0
   215      214     0.398     3.891      -1.882    -40.7     R7      0
   216      215     0.398     4.353      -1.831    -40.9     R7      0
   217      216     0.297     4.815      -1.961    -41       R7      0
   218      217     0.297     5.219      -2.112    -41.2     R7      0
   219      218     0.497     5.586      -2.33     -41.5     R7      0
   220      219     0.495     5.892      -2.67     -41.6     R7      0
   221      220     0.495     6.178      -3.067    -41.6     R7      0
   222      221     0.595     6.357      -3.506    -41.5     R7      0
   223      222     0.693     6.405      -3.973    -41.3     R7      0
   224      223     0.594     6.405      -4.438    -41.2     R7      0
   225      224     0.396     6.406      -4.914    -41       R7      0
   226      225     0.396     6.409      -5.384    -40.9     R7      0
   227      226     0.297     6.421      -5.877    -40.8     R7      923
   228      227     0.495     6.489      -6.349    -40.8     R7      0
   229      228     0.297     6.7        -6.685    -40.5     R7      0
   230      229     0.693     6.898      -6.937    -40.1     R7      0
   231      230     0.693     6.924      -6.949    -40.1     R7      0
   232      231     0.594     7.165      -7.119    -39.7     R7      0
   233      232     0.594     7.343      -7.387    -39.3     R7      0
   234      233     0.397     7.7        -7.616    -39.1     R7      0
   235      234     0.397     7.896      -8.045    -39.1     R7      0
   236      235     0.397     7.813      -8.525    -39.1     R7      0
   237      236     0.396     7.576      -8.959    -39.1     R7      0
   238      237     0.397     7.215      -9.292    -39       R7      0
   239      238     0.298     6.834      -9.606    -39       R7      0
   240      239     0.396     6.505      -9.972    -39       R7      0
   241      240     0.495     6.314      -10.38    -38.8     R7      0
   242      241     0.399     6.012      -10.71    -38.6     R7      0
   243      242     0.299     5.676      -11.07    -38.5     R7      0
   244      243     0.24      5.414      -11.49    -38.5     R7      0
   245      244     0.24      5.127      -11.89    -38.5     R7      0
   246      245     0.297     4.847      -12.3     -38.5     R7      0
   247      246     0.297     4.517      -12.66    -38.6     R7      0
   248      247     0.396     4.196      -13.02    -38.7     R7      0
   249      248     0.299     3.781      -13.25    -38.8     R7      0
   250      249     0.25      3.442      -13.6     -38.8     R7      0
   251      250     0.25      3.331      -14.05    -38.6     R7      0
   252      251     0.25      3.315      -14.55    -38.5     R7      0
   253      252     0.25      3.261      -15.04    -38.5     R7      0
   254      253     0.297     3.06       -15.49    -38.5     R7      0
   255      254     0.297     2.777      -15.85    -38.4     R7      0
   256      255     0.299     2.372      -16.03    -38.2     R7      0
   257      256     0.25      2.12       -16.42    -38.1     R7      0
   258      257     0.299     1.772      -16.7     -38.2     R7      0
   259      258     0.497     1.473      -17.03    -38.4     R7      0
   260      259     0.595     1.241      -17.45    -38.5     R7      0
   261      260     0.297     0.9192     -17.82    -38.5     R7      0
   262      261     0.297     0.6148     -18.21    -38.5     R7      0
   263      262     0.297     0.4866     -18.68    -38.6     R7      0
   264      263     0.25      0.2564     -18.96    -38.8     R8      823
   265      230     0.693     6.907      -7.042    -40       R7      0
   266      265     0.297     6.91       -7.417    -39.7     R7      0
   267      266     0.297     6.882      -7.855    -39.5     R7      0
   268      267     0.297     6.773      -8.297    -39.3     R7      0
   269      268     0.495     6.56       -8.677    -39       R7      0
   270      269     0.297     6.273      -8.965    -38.8     R7      0
   271      270     0.25      6.096      -9.337    -38.5     R7      0
   272      271     0.297     5.892      -9.736    -38.3     R8      0
   273      227     0.25      6.091      -6.197    -40.9     R7      0
   274      273     0.25      5.707      -6.503    -40.8     R7      0
   275      274     0.25      5.3        -6.479    -40.6     R7      0
   276      275     0.495     4.868      -6.405    -40.3     R8      804
   277       94     0.396     2.781      -3.083    -39       R7      0
   278      277     0.396     2.557      -3.136    -39.3     R7      0
   279      278     0.297     2.318      -3.3      -39.8     R7      0
   280      279     0.299     2.163      -3.622    -40.1     R7      0
   281      280     0.297     1.892      -3.887    -40.4     R7      0
   282      281     0.495     1.508      -4.091    -40.6     R7      0
   283      282     0.399     1.076      -4.317    -40.7     R7      0
   284      283     0.396     0.6128     -4.39     -40.8     R7      0
   285      284     0.396     0.1426     -4.508    -40.9     R7      0
   286      285     0.35     -0.2846    -4.754    -40.9     R7      0
   287      286     0.298     -0.6232    -5.113    -40.9     R7      0
   288      287     0.299     -0.6757    -5.596    -40.9     R7      0
   289      288     0.299     -0.4039    -5.996    -41       R7      0
   290      289     0.297     -0.2564    -6.149    -41.4     R8      802
   291       90     0.396     3.074      -3.896    -37.5     R7      0
   292      291     0.693     2.882      -3.686    -37.8     R7      0
   293      292     0.693     2.776      -3.362    -38.2     R7      0
   294      293     0.495     2.659      -2.968    -38.5     R7      0
   295      294     0.693     2.391      -2.562    -38.5     R7      0
   296      295     0.693     2.371      -2.52     -38.5     R7      0
   297      296     0.792     2.146      -2.085    -38.5     R7      0
   298      297     0.396     2.02       -1.678    -38.2     R7      0
   299      298     0.693     1.885      -1.281    -38       R7      0
   300      299     0.594     1.881      -1.264    -38       R7      0
   301      300     0.297     1.806      -0.8791   -37.7     R7      0
   302      301     0.299     1.794      -0.5123   -37.3     R7      0
   303      302     0.298     1.794      -0.4341   -37.2     R7      0
   304      303     0.495     1.797      -0.03119  -37       R7      0
   305      304     0.396     1.806      0.3732    -36.7     R7      0
   306      305     0.397     1.832      0.7682    -36.3     R7      0
   307      306     0.396     1.896      1.08      -36.2     R7      0
   308      307     0.594     2.085      1.534     -36.3     R7      0
   309      308     0.399     2.203      1.757     -36.3     R7      0
   310      309     0.397     2.307      2.148     -36.7     R7      0
   311      310     0.397     2.356      2.486     -37       R7      0
   312      311     0.398     2.48       2.743     -37.4     R7      0
   313      312     0.399     2.758      2.83      -37.8     R7      0
   314      313     0.399     2.837      2.836     -37.9     R7      0
   315      314     0.397     3.042      2.886     -38.3     R7      0
   316      315     0.398     3.039      3.103     -38.8     R7      0
   317      316     0.94      3.013      3.284     -39       R7      0
   318      317     0.594     2.858      3.711     -39.1     R7      0
   319      318     0.397     2.737      4.165     -39.2     R7      0
   320      319     0.396     2.614      4.635     -39.3     R7      0
   321      320     0.396     2.669      5.124     -39.3     R7      0
   322      321     0.396     2.831      5.395     -39.3     R7      0
   323      322     0.495     3.129      5.79      -39.3     R7      0
   324      323     0.594     3.296      6.242     -39.2     R7      0
   325      324     0.495     3.264      6.685     -39       R7      0
   326      325     0.396     3.087      7.061     -38.8     R7      0
   327      326     0.396     2.733      7.342     -38.6     R7      0
   328      327     0.495     2.375      7.673     -38.5     R7      0
   329      328     0.398     2.114      8.085     -38.5     R7      0
   330      329     0.397     2.03       8.533     -38.3     R7      0
   331      330     0.594     1.987      8.966     -38.1     R7      0
   332      331     0.397     1.845      9.378     -37.8     R7      0
   333      332     0.398     1.787      9.781     -37.6     R7      0
   334      333     0.297     1.771      10.21     -37.3     R7      0
   335      334     0.399     1.67       10.66     -37.2     R7      0
   336      335     0.398     1.659      10.71     -37.1     R7      0
   337      336     0.397     1.815      10.91     -36.7     R7      0
   338      337     0.399     2.131      11.17     -36.4     R7      0
   339      338     0.598     2.528      11.26     -36.2     R7      0
   340      339     0.94      3          11.23     -36       R7      0
   341      340     0.397     3.46       11.1      -36.1     R7      0
   342      341     0.299     3.843      11.27     -36.2     R8      812
   343      335     0.299     1.613      10.67     -37.2     R7      0
   344      343     0.64      1.161      10.83     -37.2     R7      0
   345      344     0.397     0.7078     10.99     -37.2     R7      0
   346      345     0.298     0.2371     11.02     -37       R7      0
   347      346     0.299     -0.2564    11.02     -37       R8      813
   348      331     0.495     2.016      9.084     -38       R7      0
   349      348     0.396     2.043      9.363     -37.5     R7      0
   350      349     0.35      2.015      9.475     -37       R7      0
   351      350     0.35      1.894      9.482     -36.6     R7      0
   352      351     0.35      1.7        9.49      -36.1     R7      0
   353      352     0.35      1.547      9.524     -35.7     R7      0
   354      353     0.297     1.492      9.671     -35.2     R7      0
   355      354     0.298     1.316      9.822     -34.8     R7      0
   356      355     0.25      1.025      9.992     -34.4     R8      814
   357      321     0.35      2.523      5.433     -39.2     R7      0
   358      357     0.35      2.183      5.603     -39       R7      0
   359      358     0.35      1.722      5.565     -38.8     R7      0
   360      359     0.299     1.241      5.49      -38.8     R7      0
   361      360     0.297     0.7687     5.637     -38.8     R8      0
   362      316     0.398     3.02       3.101     -38.8     R7      0
   363      362     0.594     2.69       3.147     -39.1     R7      0
   364      363     0.396     2.231      3.304     -39.2     R7      0
   365      364     0.399     1.784      3.307     -39.3     R7      0
   366      365     0.495     1.394      3.249     -39.7     R7      0
   367      366     0.495     0.992      3.051     -39.8     R7      0
   368      367     0.396     0.5876     2.769     -39.8     R7      0
   369      368     0.35      0.2025     2.46      -39.8     R7      0
   370      369     0.35      -0.1044    2.076     -39.8     R7      0
   371      370     0.35      -0.4802    1.794     -39.7     R7      0
   372      371     0.35      -0.7687    1.537     -39.8     R8      811
   373      313     0.398     2.95       2.823     -37.8     R7      0
   374      373     0.495     3.358      2.863     -38       R7      0
   375      374     0.594     3.486      2.889     -38.1     R7      0
   376      375     0.891     3.89       3.071     -38.3     R7      0
   377      376     0.397     4.308      3.269     -38.5     R7      0
   378      377     0.399     4.752      3.237     -38.7     R7      0
   379      378     0.399     5.09       2.902     -38.8     R7      0
   380      379     0.35      5.38       2.562     -38.5     R8      0
   381      374     0.45      3.705      2.818     -37.9     R7      0
   382      381     0.299     3.995      2.818     -37.5     R7      0
   383      382     0.399     4.099      2.818     -37       R7      0
   384      308     0.495     2.077      1.6       -36.3     R7      0
   385      384     0.297     2.037      2.077     -36.3     R7      0
   386      385     0.396     1.989      2.518     -36.5     R7      0
   387      386     0.399     1.731      2.843     -36.8     R7      0
   388      387     0.693     1.281      3.033     -36.8     R7      0
   389      388     0.693     1.036      3.143     -36.9     R7      0
   390      389     0.85      0.6336     3.418     -37       R7      0
   391      390     0.693     0.2084     3.667     -37       R7      0
   392      391     0.297     -0.2336    3.887     -37       R7      0
   393      392     0.396     -0.6697    4.118     -37       R7      0
   394      393     0.396     -1.099     4.361     -37       R7      0
   395      394     0.299     -1.508     4.636     -37       R7      0
   396      395     0.299     -1.6       4.728     -37       R7      0
   397      396     0.298     -1.918     5.105     -37       R7      0
   398      397     0.54      -1.994     5.492     -37.2     R7      0
   399      398     0.35      -1.809     5.783     -37.5     R7      0
   400      399     0.396     -1.401     5.927     -37.8     R7      0
   401      400     0.398     -1.03      6.13      -38       R7      0
   402      401     0.396     -0.8464    6.497     -38.2     R7      0
   403      402     0.594     -0.7405    6.786     -38.4     R7      0
   404      403     0.594     -0.592     7.222     -38.5     R7      0
   405      404     0.596     -0.5123    7.687     -38.7     R7      0
   406      405     0.74      -0.5123    8.177     -38.8     R7      0
   407      406     0.595     -0.5123    8.625     -38.5     R7      0
   408      407     0.297     -0.5123    8.953     -38.2     R7      0
   409      408     0.297     -0.5123    9.223     -37.8     R8      816
   410      402     0.396     -0.7811    6.635     -38.5     R7      0
   411      410     0.297     -0.5777    7.001     -38.8     R7      0
   412      411     0.399     -0.5123    7.325     -39.1     R7      0
   413      412     0.495     -0.5123    7.43      -39.6     R8      0
   414      397     0.594     -2.08      5.382     -36.7     R7      0
   415      414     0.396     -2.436     5.409     -36.4     R7      0
   416      415     0.495     -2.795     5.471     -36       R7      0
   417      416     0.297     -3.121     5.693     -35.8     R7      0
   418      417     0.396     -3.352     5.961     -35.4     R7      0
   419      418     0.396     -3.526     6.191     -35       R7      0
   420      419     0.298     -3.769     6.453     -34.7     R7      0
   421      420     0.199     -4.099     6.405     -34.4     R8      817
   422      395     0.299     -1.525     4.885     -36.7     R7      0
   423      422     0.297     -1.306     5.066     -36.3     R7      0
   424      423     0.297     -0.9633    5.089     -36       R7      0
   425      424     0.297     -0.5554    4.995     -35.7     R7      0
   426      425     0.299     -0.2757    4.62      -35.6     R7      0
   427      426     0.299     -0.2569    4.499     -35.5     R7      0
   428      427     0.298     -0.2124    4.128     -35.2     R7      0
   429      428     0.297     -0.0995    3.845     -34.8     R7      0
   430      429     0.297     0.0995     3.608     -34.4     R7      0
   431      430     0.299     0.3881     3.364     -34.1     R7      0
   432      431     0.298     0.5663     3.062     -33.8     R7      0
   433      432     0.299     0.7687     2.818     -33.4     R8      0
   434      426     0.396     -0.5094    4.358     -35.7     R7      0
   435      434     0.396     -0.7905    4.133     -35.4     R7      0
   436      435     0.396     -1.208     4.117     -35.2     R7      0
   437      436     0.693     -1.581     4.165     -34.8     R7      0
   438      437     0.396     -1.793     4.356     -34.4     R8      0
   439      388     0.594     1.281      3.174     -36.9     R7      0
   440      439     0.396     1.284      3.638     -37       R7      0
   441      440     0.298     1.296      4.123     -36.9     R7      0
   442      441     0.297     1.34       4.556     -36.7     R7      0
   443      442     0.495     1.47       4.889     -36.3     R7      0
   444      443     0.495     1.461      5.109     -36.2     R7      0
   445      444     0.594     1.308      5.422     -36       R7      0
   446      445     0.396     1.11       5.727     -35.8     R7      0
   447      446     0.396     1.019      6.065     -35.4     R7      0
   448      447     0.298     0.9831     6.358     -35       R7      0
   449      448     0.199     0.8217     6.405     -34.5     R7      0
   450      449     0.399     0.5123     6.405     -34.2     R8      0
   451      444     0.495     1.515      5.3       -36       R7      0
   452      451     0.297     1.514      5.767     -36       R7      0
   453      452     0.297     1.414      6.244     -36       R7      0
   454      453     0.299     1.281      6.661     -36.2     R8      0
   455      443     0.396     1.555      5.152     -36       R7      0
   456      455     0.297     1.777      5.346     -35.5     R7      0
   457      456     0.297     2.135      5.378     -35.2     R7      0
   458      457     0.25      2.201      5.37      -34.7     R7      0
   459      458     0.25      1.942      5.34      -34.3     R7      0
   460      459     0.25      1.641      5.241     -33.9     R7      0
   461      460     0.199     1.537      4.868     -33.7     R8      815
   462      306     0.395     1.798      0.992     -36       R7      0
   463      462     0.495     1.985      1.413     -36       R7      0
   464      463     0.396     2.039      1.899     -35.9     R7      0
   465      464     0.25      2.006      2.341     -35.7     R7      0
   466      465     0.299     1.862      2.63      -35.3     R7      0
   467      466     0.297     1.793      2.739     -34.8     R7      0
   468      467     0.298     1.793      2.562     -34.4     R8      0
   469      299     0.594     1.712      -1.153    -38       R7      0
   470      469     0.495     1.263      -1.028    -38       R7      0
   471      470     0.495     0.7687     -1.039    -38       R7      0
   472      471     0.594     0.4465     -1.064    -38       R7      0
   473      472     0.594     -0.02673   -1.196    -38       R7      0
   474      473     0.693     -0.5123    -1.281    -38.1     R7      0
   475      474     0.594     -0.5386    -1.281    -38.1     R7      0
   476      475     0.594     -1.013     -1.28     -38.2     R7      0
   477      476     0.495     -1.499     -1.277    -38.3     R7      0
   478      477     0.594     -1.993     -1.262    -38.2     R7      0
   479      478     0.693     -2.468     -1.199    -38.2     R7      0
   480      479     0.396     -2.889     -0.9865   -38       R7      0
   481      480     0.594     -3.304     -0.7425   -38       R7      0
   482      481     0.299     -3.611     -0.6004   -38       R7      0
   483      482     0.298     -3.824     -0.6212   -38.4     R7      0
   484      483     0.298     -3.838     -0.7722   -38.9     R7      0
   485      484     0.298     -3.819     -0.8786   -39.3     R7      0
   486      485     0.297     -3.744     -1.12     -39.8     R7      0
   487      486     0.694     -3.51      -1.462    -40       R7      0
   488      487     0.396     -3.184     -1.729    -40.3     R7      0
   489      488     0.297     -2.818     -1.793    -40.7     R8      801
   490      481     0.297     -3.701     -0.7123   -37.8     R7      0
   491      490     0.495     -4.145     -0.6024   -37.6     R7      0
   492      491     0.495     -4.583     -0.7791   -37.5     R7      0
   493      492     0.398     -4.938     -1.118    -37.5     R7      0
   494      493     0.299     -5.195     -1.44     -37.2     R7      0
   495      494     0.25      -5.38      -1.537    -36.8     R8      820
   496      474     0.497     -0.7687    -1.537    -38       R7      0
   497      496     0.297     -1.019     -1.541    -38.2     R7      0
   498      497     0.297     -1.497     -1.559    -38.3     R7      0
   499      498     0.298     -1.985     -1.634    -38.3     R7      0
   500      499     0.299     -2.379     -1.922    -38.3     R7      0
   501      500     0.298     -2.562     -2.326    -38.5     R7      0
   502      501     0.25      -2.562     -2.818    -38.5     R8      0
   503      496     0.297     -0.7687    -1.735    -37.8     R7      0
   504      503     0.299     -0.744     -2.205    -37.8     R7      0
   505      504     0.25      -0.6465    -2.678    -37.9     R7      0
   506      505     0.25      -0.5247    -3.047    -38.2     R7      0
   507      506     0.299     -0.4945    -3.297    -38.6     R7      0
   508      507     0.298     -0.4465    -3.539    -39       R7      0
   509      508     0.199     -0.2564    -3.843    -39.3     R8      0
   510      471     0.297     0.4747     -1.055    -37.8     R7      0
   511      510     0.297     0.1747     -1.259    -37.5     R7      0
   512      511     0.297     -0.04752   -1.282    -37       R7      0
   513      512     0.297     -0.2505    -1.286    -36.6     R7      0
   514      513     0.396     -0.4445    -1.299    -36.2     R7      0
   515      514     0.399     -0.5212    -1.359    -35.7     R7      0
   516      515     0.299     -0.5495    -1.483    -35.2     R7      0
   517      516     0.297     -0.6826    -1.422    -34.7     R7      0
   518      517     0.298     -0.7851    -1.113    -34.3     R7      0
   519      518     0.298     -0.8499    -0.6861   -34.1     R7      0
   520      519     0.25      -0.7687    -0.2559   -33.9     R8      0
   521      512     0.296     0.0198     -0.9563   -36.8     R7      0
   522      521     0.297     0.00198    -0.4821   -36.8     R7      0
   523      522     0.298     -0.2312    -0.0535   -36.7     R7      0
   524      523     0.298     -0.5123    0.2564    -36.5     R8      0
   525      295     0.693     2.266      -2.468    -38.5     R7      0
   526      525     0.499     1.848      -2.357    -38.5     R7      0
   527      526     0.299     1.565      -2.585    -38.2     R7      0
   528      527     0.299     1.555      -2.658    -38.2     R7      0
   529      528     0.299     1.533      -3.139    -38.1     R7      0
   530      529     0.299     1.509      -3.552    -38.3     R7      0
   531      530     0.299     1.379      -3.642    -38.8     R7      0
   532      531     0.25      1.281      -3.916    -39.1     R7      0
   533      532     0.25      1.281      -4.356    -39.3     R7      0
   534      527     0.299     1.544      -2.761    -37.9     R7      0
   535      534     0.298     1.536      -3.203    -37.8     R7      0
   536      535     0.298     1.53       -3.697    -37.8     R7      0
   537      536     0.298     1.5        -4.159    -38       R7      0
   538      537     0.25      1.281      -4.356    -38.3     R8      0
   539       87     0.297     3.074      -4.21     -36.4     R7      0
   540      539     0.495     3.246      -4.442    -36.8     R7      0
   541      540     0.396     3.371      -4.704    -37.2     R7      0
   542      541     0.495     3.429      -5.156    -37.3     R7      0
   543      542     0.495     3.149      -5.557    -37.3     R7      0
   544      543     0.495     2.81       -5.884    -37.5     R7      0
   545      544     0.495     2.624      -6.061    -37.5     R7      0
   546      545     0.35      2.293      -6.36     -37.2     R7      0
   547      546     0.35      2.09       -6.683    -37       R7      0
   548      547     0.35      2.112      -6.887    -36.5     R7      0
   549      548     0.35      2.254      -7.188    -36.2     R7      0
   550      549     0.396     2.213      -7.576    -35.8     R7      0
   551      550     0.399     1.922      -7.911    -35.7     R7      0
   552      551     0.396     1.653      -8.292    -35.5     R7      0
   553      552     0.695     1.369      -8.682    -35.4     R7      0
   554      553     0.396     1.116      -9.08     -35.2     R7      0
   555      554     0.298     0.8177     -9.466    -35.2     R7      0
   556      555     0.396     0.5282     -9.851    -35.1     R7      0
   557      556     0.298     0.2871     -10.26    -35       R7      0
   558      557     0.396     0.03366    -10.68    -34.8     R7      0
   559      558     0.495     -0.2564    -11.02    -34.7     R8      822
   560      544     0.495     2.742      -5.887    -37.5     R7      0
   561      560     0.299     2.403      -5.955    -37.8     R7      0
   562      561     0.25      2.277      -6.133    -38.2     R7      0
   563      562     0.25      2.194      -6.269    -38.7     R7      0
   564      563     0.299     2.207      -6.285    -38.7     R7      0
   565      564     0.396     2.523      -6.641    -38.8     R7      0
   566      565     0.399     2.851      -7.011    -38.8     R7      0
   567      566     0.396     3.108      -7.43     -38.8     R7      0
   568      567     0.495     3.249      -7.728    -38.8     R7      0
   569      568     0.99      3.33       -8.216    -38.8     R7      0
   570      569     0.792     3.327      -8.711    -38.8     R7      0
   571      570     0.594     3.325      -8.851    -38.8     R7      0
   572      571     0.594     3.307      -9.345    -38.8     R7      0
   573      572     0.298     3.221      -9.826    -38.8     R7      0
   574      573     0.495     3.074      -10.25    -38.5     R7      0
   575      570     0.792     3.33       -8.887    -39       R7      0
   576      575     0.495     3.33       -9.211    -39.4     R7      0
   577      576     0.398     3.33       -9.477    -39.8     R7      0
   578      577     0.298     3.33       -9.677    -40.2     R7      0
   579      578     0.297     3.33       -9.992    -40.7     R8      803
   580      567     0.495     3.055      -7.9      -38.8     R7      0
   581      580     0.396     2.973      -8.36     -38.7     R7      0
   582      581     0.495     2.697      -8.694    -38.5     R7      0
   583      582     0.594     2.324      -8.932    -38.2     R7      0
   584      583     0.298     2.066      -9.19     -37.9     R7      0
   585      584     0.25      2.05       -9.479    -37.5     R8      0
   586      563     0.25      2.097      -6.24     -38.8     R7      0
   587      586     0.396     1.737      -6.187    -39       R7      0
   588      587     0.396     1.327      -6.41     -38.9     R7      0
   589      588     0.399     0.8791     -6.559    -38.8     R7      0
   590      589     0.297     0.5123     -6.405    -38.5     R8      0
   591       86     0.297     3.33       -3.843    -36.2     R7      0
   592      591     0.299     3.538      -3.793    -36.5     R7      0
   593      592     0.297     3.831      -3.625    -36.8     R7      0
   594      593     0.495     4.048      -3.237    -37       R7      0
   595      594     0.396     4.17       -2.759    -37       R7      0
   596      595     0.693     4.376      -2.316    -37       R7      0
   597      596     0.594     4.711      -1.952    -37       R7      0
   598      597     0.594     5.062      -1.606    -37.1     R7      0
   599      598     0.495     5.235      -1.444    -37.2     R7      0
   600      599     0.495     5.594      -1.13     -37.3     R7      0
   601      600     0.495     5.991      -0.8801   -37.5     R7      0
   602      601     0.495     6.381      -0.595    -37.6     R7      0
   603      602     0.396     6.778      -0.3416   -37.8     R7      0
   604      603     0.297     7.158      -0.03861  -37.8     R7      0
   605      604     0.495     7.348      0.1381    -37.8     R7      0
   606      605     0.396     7.69       0.4005    -38.1     R7      0
   607      606     0.495     8.024      0.7009    -38.2     R7      0
   608      607     0.499     8.294      1.108     -38.2     R7      0
   609      608     0.495     8.484      1.523     -38       R7      0
   610      609     0.396     8.512      1.596     -38       R7      0
   611      610     0.396     8.723      1.968     -37.8     R7      0
   612      611     0.693     9.093      2.24      -37.6     R7      0
   613      612     0.693     9.464      2.561     -37.5     R7      0
   614      613     0.298     9.704      2.818     -37.5     R7      0
   615      614     0.297     10.01      3.2       -37.6     R7      0
   616      615     0.396     10.16      3.614     -37.8     R7      0
   617      616     0.297     9.981      4.004     -38       R7      0
   618      617     0.297     9.563      4.263     -38       R7      0
   619      618     0.297     9.159      4.497     -37.9     R7      0
   620      619     0.297     8.701      4.613     -37.8     R7      0
   621      620     0.299     8.206      4.617     -37.8     R7      0
   622      621     0.298     7.713      4.638     -37.8     R7      0
   623      622     0.398     7.417      4.693     -37.6     R7      0
   624      623     0.399     7.204      4.95      -37.3     R7      0
   625      624     0.396     7.208      5.378     -37       R7      0
   626      625     0.396     7.241      5.632     -37       R7      0
   627      626     0.297     7.354      5.895     -37.1     R7      0
   628      627     0.495     7.474      6.319     -37.3     R7      0
   629      628     0.297     7.631      6.633     -37.7     R7      0
   630      629     0.495     7.942      6.791     -38       R7      0
   631      630     0.495     8.217      7.067     -38.3     R7      0
   632      631     0.594     8.398      7.291     -38.7     R7      0
   633      632     0.396     8.444      7.443     -39.2     R7      0
   634      633     0.398     8.403      7.584     -39.7     R7      0
   635      634     0.299     8.199      7.942     -39.8     R8      0
   636      626     0.594     7.156      5.924     -37       R7      0
   637      636     0.495     6.954      6.367     -37       R7      0
   638      637     0.298     6.909      6.82      -36.8     R7      0
   639      638     0.298     6.881      7.272     -36.5     R7      0
   640      639     0.25      6.71       7.71      -36.5     R7      0
   641      640     0.25      6.349      8.046     -36.5     R7      0
   642      641     0.25      5.892      8.198     -36.5     R8      0
   643      625     0.297     7.123      5.698     -36.8     R7      0
   644      643     0.792     6.852      6.075     -36.5     R7      0
   645      644     0.792     6.535      6.398     -36.4     R7      0
   646      645     0.396     6.149      6.661     -36.2     R7      0
   647      622     0.594     7.43       4.318     -37.8     R7      0
   648      647     0.693     7.441      3.825     -37.8     R7      0
   649      648     0.498     7.48       3.371     -38       R7      0
   650      649     0.396     7.686      3.074     -38.3     R8      0
   651      613     0.396     9.687      2.562     -37.3     R7      0
   652      651     0.594     9.954      2.882     -37.1     R7      0
   653      652     0.298     10.12      3.187     -36.8     R7      0
   654      653     0.297     10.04      3.535     -36.5     R7      0
   655      654     0.495     9.793      3.835     -36.2     R7      0
   656      655     0.495     9.708      3.883     -36       R7      0
   657      656     0.396     9.511      4.027     -35.5     R7      0
   658      657     0.495     9.418      4.268     -35.1     R7      0
   659      658     0.396     9.223      4.356     -34.7     R8      829
   660      655     0.396     9.731      3.837     -36.1     R7      0
   661      660     0.298     9.445      3.985     -35.8     R7      0
   662      661     0.297     9.291      4.285     -35.5     R7      0
   663      662     0.299     8.851      4.393     -35.4     R7      0
   664      663     0.299     8.455      4.611     -35.5     R8      0
   665      609     0.297     8.619      1.532     -37.9     R7      0
   666      665     0.298     8.958      1.788     -37.8     R7      0
   667      666     0.297     9.301      2.144     -37.8     R7      0
   668      667     0.299     9.63       2.504     -37.9     R7      0
   669      668     0.399     9.644      2.528     -38       R7      0
   670      669     0.495     9.8        2.79      -38.3     R7      0
   671      670     0.396     9.878      2.812     -38.5     R7      0
   672      671     0.399     10         2.822     -39       R7      0
   673      672     0.297     10.09      2.835     -39.5     R7      0
   674      673     0.298     10.36      2.884     -39.8     R7      0
   675      674     0.495     10.76      3.053     -40.1     R7      0
   676      675     0.298     11.17      3.299     -40.1     R7      0
   677      676     0.299     11.62      3.479     -40.1     R7      0
   678      677     0.297     12.02      3.746     -40       R7      0
   679      678     0.299     12.42      3.942     -40.2     R7      0
   680      679     0.299     12.66      3.882     -40.5     R7      0
   681      680     0.396     12.3       3.587     -40.7     R8      0
   682      675     0.396     10.76      3.071     -40.5     R7      0
   683      682     0.297     10.75      3.039     -41       R7      0
   684      683     0.396     10.71      2.905     -41.5     R7      0
   685      684     0.398     10.54      2.545     -41.7     R7      0
   686      685     0.35      10.3       2.138     -41.8     R7      0
   687      686     0.298     9.992      1.793     -41.6     R8      808
   688      670     0.594     9.774      2.905     -38.4     R7      0
   689      688     0.399     9.621      3.085     -38.8     R7      0
   690      689     0.396     9.244      3.126     -39.1     R7      0
   691      690     0.495     8.828      3.296     -39.3     R7      0
   692      691     0.35     8.496      3.655     -39.3     R7      0
   693      692     0.298     8.043      3.795     -39.3     R7      0
   694      693     0.297     7.686      3.587     -39.1     R8      0
   695      668     0.495     9.703      2.723     -37.8     R7      0
   696      695     0.891     10.05      3.03      -37.8     R7      0
   697      696     0.495     10.46      3.232     -38       R7      0
   698      697     0.399     10.9       3.368     -38.2     R7      0
   699      698     0.299     11.26      3.539     -38.5     R7      0
   700      699     0.297     11.48      3.961     -38.6     R7      0
   701      700     0.299     11.53      4.356     -38.8     R8      0
   702      604     0.297     7.162      0.03415   -37.8     R7      0
   703      702     0.298     7.308      0.2356    -37.4     R7      0
   704      703     0.299     7.686      0.1703    -37.1     R7      0
   705      704     0.298     8.055      -0.01485  -36.9     R7      0
   706      705     0.396     8.451      -0.2619   -36.8     R7      0
   707      706     0.298     8.698      -0.4579   -36.7     R7      0
   708      707     0.396     9.077      -0.7257   -36.5     R7      0
   709      708     0.495     9.431      -0.8628   -36.2     R7      0
   710      709     0.297     9.739      -1.068    -35.9     R7      0
   711      710     0.396     10.02      -1.392    -35.8     R7      0
   712      711     0.297     10.17      -1.857    -35.7     R7      0
   713      712     0.6432    10.16      -2.317    -35.8     R7      0
   714      713     0.7585    10.15      -2.733    -36       R7      0
   715      714     0.398     10.25      -2.818    -36.5     R7      0
   716      715     0.399     10.25      -2.818    -37       R8      0
   717      706     0.396     8.454      -0.4802   -37       R7      0
   718      717     0.792     8.563      -0.8994   -37.2     R7      0
   719      718     0.298     8.692      -1.369    -37.2     R7      0
   720      719     0.396     8.711      -1.86     -37.2     R7      0
   721      720     0.396     8.711      -2.306    -37       R8      0
   722      704     0.298     7.683      -0.05742  -36.7     R7      0
   723      722     0.298     7.665      -0.3866   -36.3     R7      0
   724      723     0.299     7.612      -0.6727   -35.9     R7      0
   725      724     0.298     7.402      -0.7692   -35.5     R7      0
   726      725     0.398     7.299      -0.7697   -35.4     R7      0
   727      726     0.499     6.918      -0.7727   -35       R7      0
   728      727     0.792     6.65       -0.7776   -35       R7      0
   729      728     0.594     6.158      -0.8098   -35       R7      0
   730      729     0.396     5.71       -0.9489   -35.2     R7      0
   731      730     0.299     5.274      -1.133    -35.1     R7      0
   732      731     0.297     5.124      -1.281    -34.7     R8      0
   733      727     0.298     6.826      -0.7712   -35       R7      0
   734      733     0.495     6.501      -0.6549   -34.7     R7      0
   735      734     0.495     6.088      -0.4361   -34.5     R7      0
   736      735     0.396     5.637      -0.2559   -34.4     R8      0
   737      725     0.297     7.425      -0.7663   -35.2     R7      0
   738      737     0.299     7.318      -0.6133   -34.8     R7      0
   739      738     0.298     7.672      -0.5504   -34.4     R7      0
   740      739     0.297     8.117      -0.7064   -34.3     R7      0
   741      740     0.396     8.372      -0.9034   -34       R7      0
   742      741     0.399     8.455      -1.281    -33.7     R8      830
   743      598     0.396     5.113      -1.338    -37.2     R7      0
   744      743     0.399     5.458      -1.04     -37.3     R7      0
   745      744     0.399     5.851      -0.7994   -37.5     R7      0
   746      745     0.297     6.213      -0.54     -37.8     R7      0
   747      746     0.297     6.382      -0.3643   -38.2     R7      0
   748      747     0.297     6.372      -0.1431   -38.6     R7      0
   749      748     0.297     6.296      0.145     -39       R7      0
   750      749     0.396     6.015      0.3628    -39.3     R7      0
   751      750     0.297     5.64       0.5094    -39.7     R7      0
   752      751     0.396     5.31       0.59      -40       R7      0
   753      752     0.396     4.936      0.8049    -40.2     R7      0
   754      753     0.35      4.528      1.066     -40.3     R7      0
   755      754     0.35      4.127      1.289     -40.2     R7      0
   756      755     0.35      3.786      1.45      -39.8     R7      0
   757      756     0.35      3.523      1.56      -39.5     R7      0
   758      757     0.396     3.182      1.659     -39.1     R7      0
   759      758     0.398     2.755      1.792     -38.9     R7      0
   760      759     0.299     2.279      1.886     -38.8     R7      0
   761      760     0.25      1.793      1.793     -38.8     R8      810
   762      591     0.396     3.398      -3.855    -36.6     R7      0
   763      762     0.594     3.618      -3.915    -37       R7      0
   764      763     0.495     3.808      -4.057    -37.5     R7      0
   765      764     0.298     4.094      -4.098    -37.8     R7      0
   766      765     0.396     4.384      -4.095    -38.3     R7      0
   767      766     0.498     4.691      -4.088    -38.5     R7      0
   768      767     0.495     5.124      -4.058    -38.8     R7      0
   769      768     0.495     5.439      -3.988    -38.8     R7      0
   770      769     0.396     5.888      -3.78     -38.8     R7      0
   771      770     0.396     6.306      -3.516    -38.8     R7      0
   772      771     0.495     6.757      -3.356    -39       R7      0
   773      772     0.495     7.223      -3.36     -39.1     R7      0
   774      773     0.495     7.686      -3.439    -39.2     R7      0
   775      774     0.891     7.977      -3.617    -39.3     R7      0
   776      775     0.792     8.367      -3.92     -39.3     R7      0
   777      776     0.495     8.82       -4.103    -39.3     R7      0
   778      777     0.45      9.305      -4.189    -39.3     R7      0
   779      778     0.45      9.645      -4.485    -39.2     R7      0
   780      779     0.495     9.95       -4.864    -39       R7      0
   781      780     0.495     10.07      -5.003    -39       R7      0
   782      781     0.297     10.32      -5.4      -38.9     R7      0
   783      782     0.298     10.53      -5.816    -38.7     R7      0
   784      783     0.298     10.62      -5.988    -38.6     R7      0
   785      784     0.297     10.97      -5.957    -38.3     R7      0
   786      785     0.396     11.4       -5.734    -38.2     R7      0
   787      786     0.396     11.76      -5.483    -38       R7      0
   788      787     0.495     12.14      -5.3      -37.8     R7      0
   789      788     0.297     12.53      -5.193    -37.5     R7      0
   790      789     0.299     12.83      -5.289    -37.1     R7      0
   791      790     0.25      13.09      -5.497    -36.8     R7      0
   792      791     0.299     13.45      -5.679    -36.5     R7      0
   793      792     0.297     13.84      -5.854    -36.2     R7      0
   794      793     0.298     14.33      -5.874    -36.2     R7      0
   795      794     0.297     14.77      -5.811    -36       R7      0
   796      795     0.594     15.14      -5.558    -35.8     R7      0
   797      796     0.594     15.52      -5.249    -35.8     R7      0
   798      797     0.495     15.9       -4.943    -35.8     R7      0
   799      798     0.396     16.3       -4.733    -36       R7      0
   800      799     0.297     16.63      -4.622    -36.3     R7      0
   801      800     0.199     16.91      -4.611    -36.8     R8      826
   802      784     0.297     10.52      -6.354    -38.3     R7      0
   803      802     0.297     10.68      -6.627    -38       R7      0
   804      803     0.297     11.02      -6.781    -37.7     R7      0
   805      804     0.396     11.25      -6.932    -37.5     R7      0
   806      805     0.594     11.61      -7.265    -37.5     R7      0
   807      806     0.64      11.95      -7.622    -37.5     R7      0
   808      807     0.399     12.27      -7.993    -37.6     R7      0
   809      808     0.35      12.56      -8.381    -37.7     R7      0
   810      809     0.35      12.94      -8.677    -37.6     R7      0
   811      810     0.396     13.25      -9.052    -37.6     R7      0
   812      811     0.396     13.39      -9.497    -37.7     R7      0
   813      812     0.35      13.54      -9.937    -37.9     R7      0
   814      813     0.396     13.58      -10.41    -37.9     R7      0
   815      814     0.495     13.6       -10.9     -37.8     R7      0
   816      815     0.594     13.68      -11.38    -37.8     R7      0
   817      816     0.398     13.82      -11.85    -37.8     R7      0
   818      817     0.25      13.83      -12.3     -38       R8      824
   819      804     0.297     11.02      -6.803    -37.7     R7      0
   820      819     0.299     11.02      -7.022    -37.2     R7      0
   821      820     0.299     11.02      -6.979    -36.7     R7      0
   822      821     0.42      11.03      -7.088    -36.2     R7      0
   823      822     0.298     11.06      -7.187    -35.8     R7      0
   824      823     0.297     11.24      -7.238    -35.3     R7      0
   825      824     0.25      11.53      -7.43     -35       R8      825
   826      783     0.298     10.48      -5.83     -38.7     R7      0
   827      826     0.298     10.11      -5.852    -38.4     R7      0
   828      827     0.299     9.866      -5.622    -38       R7      0
#   829      828     0.299     9.864      -5.601    -38       R7      0
#   830      829     0.298     9.959      -5.146    -38       R7      0
   830      838     0.298     9.959      -5.146    -38       R7      0
   831      830     0.396     10.2       -4.741    -37.8     R7      0
   832      831     0.399     10.31      -4.282    -38       R7      0
   833      832     0.297     10.5       -3.843    -38       R8      805
#
   834      234     0.299     8.455      -6.918    -38.5     R7      0
   835      834     0.396     8.712      -6.498    -38.5     R7      0
   836      835     0.594     8.951      -6.081    -38.5     R7      0
   837      836     0.299     9.273      -5.737    -38.3     R7      0
   838      837     0.199     9.703      -5.628    -38.2     R7      0
#
# reverse these, connect to 234
#   834      828     0.199     9.703      -5.628    -38.2     R7      0
#   835      834     0.299     9.273      -5.737    -38.3     R7      0
#   836      835     0.594     8.951      -6.081    -38.5     R7      0
#   837      836     0.396     8.712      -6.498    -38.5     R7      0
#   838      837     0.299     8.455      -6.918    -38.5     R8      805
#
   839      780     0.297     9.971      -4.996    -39       R7      0
   840      839     0.299     10.06      -5.319    -39.4     R7      0
   841      840     0.298     10.32      -5.465    -39.8     R7      0
   842      841     0.298     10.78      -5.611    -39.8     R7      0
   843      842     0.299     11.27      -5.637    -39.8     R8      806
   844      774     0.396     8.078      -3.33     -39.3     R7      0
   845      844     0.297     8.573      -3.33     -39.3     R7      0
   846      845     0.299     9.067      -3.327    -39.3     R7      0
   847      846     0.25      9.548      -3.316    -39.2     R7      0
   848      847     0.25      9.971      -3.277    -39       R7      0
   849      848     0.299     10.07      -3.253    -38.9     R7      0
   850      849     0.25      10.46      -2.988    -38.9     R7      0
   851      850     0.25      10.68      -2.636    -39.2     R7      0
   852      851     0.297     11.07      -2.513    -39.4     R7      0
   853      852     0.298     11.44      -2.341    -39.7     R7      0
   854      853     0.693     11.85      -2.178    -39.8     R7      0
   855      854     0.693     12.29      -1.945    -39.9     R7      0
   856      855     0.693     12.61      -1.606    -40       R7      0
   857      856     0.495     12.94      -1.254    -40.2     R7      0
   858      857     0.298     13.35      -1.049    -40.3     R7      0
   859      858     0.25      13.83      -1.025    -40.3     R8      807
   860      848     0.25     10.14      -3.152    -38.8     R7      0
   861      860     0.298     10.23      -2.871    -38.5     R7      0
   862      861     0.299     10.16      -2.654    -38.1     R7      0
   863      862     0.298     9.931      -2.509    -37.7     R7      0
   864      863     0.397     9.736      -2.306    -37.2     R8      0
   865      768     0.297     5.38       -3.843    -38.8     R7      0
   866      865     0.298     5.6        -3.639    -39.2     R7      0
   867      866     0.396     5.743      -3.222    -39.3     R7      0
   868      867     0.398     5.873      -2.75     -39.4     R7      0
   869      868     0.495     5.892      -2.306    -39.6     R7      0
   870      865     0.297     5.543      -3.843    -38.7     R7      0
   871      870     0.297     5.901      -3.599    -38.5     R7      0
   872      871     0.396     6.267      -3.306    -38.4     R7      0
   873      872     0.297     6.571      -3.005    -38.2     R7      0
   874      873     0.299     6.918      -2.818    -38.3     R8      0
   875      766     0.297     4.209      -4.099    -38.7     R7      0
   876      875     0.298     3.81       -4.099    -39       R7      0
   877      876     0.396     3.33       -4.099    -39.1     R8      0
   878       81     0.693     2.82       -2.575    -35       R7      0
   879      878     0.594     2.89       -3.049    -35       R7      0
   880      879     0.298     3.082      -3.488    -35       R7      0
   881      880     0.298     3.312      -3.841    -34.8     R7      0
   882      881     0.299     3.711      -4.036    -34.6     R7      0
   883      882     0.299     4.175      -4.088    -34.5     R7      0
   884      883     0.298     4.663      -4.053    -34.3     R7      0
   885      884     0.299     5.118      -3.903    -34.3     R7      0
   886      885     0.297     5.535      -3.719    -34.5     R7      0
   887      886     0.297     5.899      -3.606    -34.8     R7      0
   888      887     0.298     6.123      -3.587    -35.2     R7      0
   889      888     0.25      6.149      -3.587    -35.7     R8      828
   890       77     0.297     2.306      -1.805    -33.5     R7      0
   891      890     0.396     2.306      -1.876    -34       R7      0
   892      891     0.396     2.305      -2.102    -34.5     R7      0
   893      892     0.396     2.304      -2.449    -34.8     R7      0
   894      893     0.594     2.3        -2.825    -35.1     R7      0
   895      894     0.594     2.285      -3.259    -35.3     R7      0
   896      895     0.594     2.212      -3.701    -35.5     R7      0
   897      896     0.399     1.844      -3.971    -35.5     R7      0
   898      897     0.35     1.515      -4.328    -35.5     R7      0
   899      898     0.35     1.157      -4.669    -35.5     R7      0
   900      899     0.299     0.7291     -4.91     -35.5     R7      0
   901      900     0.297     0.3044     -5.148    -35.5     R7      0
   902      901     0.396     -0.0099    -5.482    -35.7     R7      0
   903      902     0.396     -0.3089    -5.824    -35.8     R7      0
   904      903     0.396     -0.6113    -6.193    -36       R7      0
   905      904     0.495     -0.9821    -6.515    -36       R7      0
   906      905     0.594     -1.423     -6.669    -36.2     R7      0
   907      906     0.495     -1.906     -6.748    -36.2     R7      0
   908      907     0.495     -2.308     -7.017    -36.2     R7      0
   909      908     0.199     -2.483     -7.437    -36       R7      0
   910      909     0.297     -2.306     -7.686    -35.7     R8      821
#   911        0     3.955     -0.06435   -0.0316   1.7       SOMA    0
#   912      911     1.584     -0.1292    -0.059    3.15      SOMA    0
#   913      912     1.188     -0.3767    -1.615    3.55      R2      0
   914        0     0.792     -0.5697    -1.823    3.95      R2      0
   915      914     0.396     -0.7697    -2.022    4.35      R2      0
   916      915     0.693     -1.085     -2.081    4.75      R2      0
   917      916     0.99      -1.398     -2.142    5.15      R2      0
   918      917     0.891     -1.564     -2.365    5.55      R2      0
   919      918     0.891     -1.702     -2.6      5.95      R2      0
   920      919     0.792     -1.705     -2.606    5.95      R2      0
   921      920     0.792     -1.788     -2.794    6.4       R2      0
   922      921     1.089     -1.797     -2.896    6.9       R2      0
   923      922     0.99      -1.808     -3.111    7.35      R2      0
   924      923     0.594     -1.847     -3.306    7.8       R2      0
   925      924     0.594     -2.013     -3.33     8.25      R2      0
   926      925     0.594     -2.25      -3.329    8.7       R2      0
   927      926     0.594     -2.34      -3.322    9.2       R2      0
   928      927     0.495     -2.451     -3.295    9.65      R2      0
   929      928     0.396     -2.705     -3.219    10.1      R2      0
   930      929     0.396     -2.741     -3.163    10.2      R2      0
   931      930     0.396     -2.845     -2.883    10.6      R2      0
   932      931     0.396     -2.923     -2.599    11        R2      0
   933      932     0.396     -3.048     -2.393    11.4      R2      0
   934      933     0.495     -3.07      -2.314    11.9      R2      0
   935      934     0.396     -3.066     -2.326    12.2      R2      0
   936      935     0.396     -3.035     -2.386    12.7      R2      0
   937      936     0.396     -2.939     -2.561    13.1      R1      0
   938      937     1.089     -2.768     -2.78     13.5      R1      0
   939      938     0.693     -2.578     -2.991    13.9      R1      0
   940      939     0.594     -2.444     -3.25     14.3      R1      0
   941      940     0.495     -2.208     -3.401    14.7      R1      0
   942      941     0.495     -2.063     -3.601    15.1      R1      0
   943      942     0.396     -2.037     -3.866    15.6      R1      0
   944      943     0.396     -2.007     -4.189    15.9      R1      0
   945      944     0.397     -1.93      -4.501    16.3      R1      0
   946      945     0.396     -1.635     -4.635    16.7      R1      0
   947      946     0.99      -1.256     -4.719    17        R1      0
   948      947     0.891     -0.8395    -4.959    17.1      R1      0
   949      948     0.396     -0.3762    -5.116    17.1      R1      0
   950      949     0.397     0.1173     -5.148    17.1      R1      0
   951      950     0.396     0.6019     -5.231    17.1      R1      0
   952      951     0.497     1.069      -5.394    17.1      R1      0
   953      952     0.497     1.537      -5.544    17.1      R1      0
   954      953     0.397     1.793      -5.608    17        R1      0
   955      954     0.297     1.8        -5.608    17        R1      0
   956      955     0.396     2.25       -5.636    16.8      R1      0
   957      956     0.396     2.687      -5.633    16.6      R1      0
   958      957     0.399     3.121      -5.623    16.3      R1      0
   959      958     0.297     3.577      -5.586    16.2      R1      0
   960      959     0.297     3.742      -5.549    16.2      R1      0
   961      960     0.298     4.139      -5.306    16.4      R1      0
   962      961     0.396     4.419      -4.98     16.6      R1      0
   963      962     0.396     4.488      -4.647    16.9      R1      0
   964      963     0.396     4.346      -4.391    17.3      R1      0
   965      964     0.297     4.177      -4.11     17.7      R1      0
   966      965     0.396     4.059      -3.835    18        R1      0
   967      966     0.297     3.895      -3.548    18.4      R1      0
   968      967     0.297     3.867      -3.263    18.8      R1      0
   969      968     0.396     3.931      -3.029    19.2      R1      0
   970      969     0.396     4.089      -2.802    19.6      R1      0
   971      970     0.297     4.176      -2.393    19.9      R1      0
   972      971     0.297     4.403      -2.041    20.1      R1      0
   973      972     0.298     4.64       -1.654    20.3      R1      0
   974      973     0.396     4.9        -1.266    20.5      R1      0
   975      974     0.298     5.202      -0.9034   20.6      R1      0
   976      975     0.299     5.65       -0.7534   20.7      R1      0
   977      976     0.298     6.142      -0.7069   20.7      R1      0
   978      977     0.297     6.609      -0.5509   20.8      R1      0
   979      978     0.298     7.076      -0.5014   20.9      R1      0
   980      979     0.297     7.564      -0.4648   21        R1      0
   981      980     0.297     8.036      -0.3252   21        R1      0
   982      981     0.297     8.523      -0.2579   21        R1      0
   983      982     0.297     8.987      -0.2638   21.2      R1      0
   984      983     0.298     9.44       -0.2871   21.4      R1      0
   985      984     0.299     9.905      -0.393    21.5      R1      0
   986      985     0.297     10.38      -0.5277   21.5      R1      0
   987      986     0.298     10.85      -0.643    21.4      R1      0
   988      987     0.299     11.26      -0.8465   21.3      R1      0
   989      988     0.299     11.66      -1.009    21        R1      0
   990      989     0.299     12.15      -1.025    21        R1      0
   991      990     0.299     12.64      -1.024    21        R1      0
   992      991     0.297     13.14      -1.02     21        R1      0
   993      992     0.298     13.62      -1.006    20.9      R1      0
   994      993     0.299     14.08      -0.9563   20.7      R1      0
   995      994     0.297     14.52      -0.7836   20.6      R1      0
   996      995     0.396     14.92      -0.6237   20.3      R1      0
   997      996     0.399     15.37      -0.5123   20.2      R1      0
   998      965     0.396     4.073      -4.111    18        R1      0
   999      998     0.396     3.893      -4.193    18.4      R1      0
  1000      999     0.297     3.54       -4.461    18.6      R1      0
  1001     1000     0.297     3.228      -4.842    18.6      R1      0
  1002     1001     0.298     3.181      -5.276    18.4      R1      0
  1003     1002     0.299     3.074      -5.637    18.1      R1      0
  1004      959     0.297     3.873      -5.644    15.8      R1      0
  1005     1004     0.396     4.299      -5.789    15.6      R1      0
  1006     1005     0.297     4.766      -5.937    15.6      R1      0
  1007     1006     0.396     5.229      -6.105    15.6      R1      0
  1008     1007     0.399     5.673      -6.229    15.8      R1      0
  1009     1008     0.297     6.095      -6.376    16        R1      0
  1010     1009     0.298     6.534      -6.454    16.2      R1      0
  1011     1010     0.297     6.964      -6.589    16.4      R1      0
  1012     1011     0.297     7.411      -6.689    16.6      R1      0
  1013     1012     0.297     7.88       -6.8      16.7      R1      0
  1014     1013     0.297     8.318      -6.893    16.9      R1      0
  1015     1014     0.297     8.723      -6.879    17.1      R1      0
  1016     1015     0.297     9.052      -6.745    17.5      R1      0
  1017     1016     0.298     9.327      -6.672    17.9      R1      0
  1018     1017     0.298     9.65       -6.696    18.2      R1      0
  1019     1018     0.298     10.03      -6.783    18.6      R1      0
  1020     1019     0.298     10.29      -6.636    18.9      R1      0
  1021     1020     0.298     10.53      -6.375    19.2      R1      0
  1022     1021     0.396     10.86      -6.143    19.5      R1      0
  1023     1022     0.396     11.06      -5.788    19.8      R1      0
  1024     1023     0.495     11.27      -5.38     19.9      R1      0
  1025      954     0.297     1.793      -5.499    17.2      R1      0
  1026     1025     0.297     1.849      -5.109    17.4      R1      0
  1027     1026     0.298     1.961      -4.716    17.7      R1      0
  1028     1027     0.298     1.76       -4.599    18.1      R1      0
  1029     1028     0.298     1.364      -4.558    18.4      R1      0
  1030     1029     0.199     1.079      -4.392    18.7      R1      0
  1031     1030     0.298     0.9885     -3.971    18.9      R1      0
  1032     1031     0.298     0.8484     -3.529    19.1      R1      0
  1033     1032     0.199     0.5123     -3.33     18.9      R1      0
  1034      953     0.594     1.537      -5.78     17.2      R1      0
  1035     1034     0.396     1.534      -6.239    17.4      R1      0
  1036     1035     0.297     1.522      -6.733    17.3      R1      0
  1037     1036     0.298     1.464      -7.195    17.2      R1      0
  1038     1037     0.299     1.123      -7.482    17.1      R1      0
  1039     1038     0.299     0.7687     -7.686    16.8      R1      0
  1040      936     0.297     -3.074     -2.306    13        R1      0
  1041     1040     0.298     -3.054     -2.301    13        R1      0
  1042     1041     0.297     -2.801     -2.248    13.4      R1      0
  1043     1042     0.495     -2.719     -2.224    13.5      R1      0
  1044     1043     0.891     -2.359     -2.02     13.8      R1      0
  1045     1044     0.693     -2.103     -1.646    13.9      R1      0
  1046     1045     0.495     -2.006     -1.263    14.2      R1      0
  1047     1046     0.396     -1.891     -0.8856   14.5      R1      0
  1048     1047     0.495     -1.692     -0.5222   14.8      R1      0
  1049     1048     0.297     -1.514     -0.2198   15.1      R1      0
  1050     1049     0.396     -1.372     0.01139   15.5      R1      0
  1051     1050     0.396     -1.3       0.1069    15.9      R1      0
  1052     1051     0.495     -1.269     0.3034    16.3      R1      0
  1053     1052     0.495     -1.259     0.4049    16.5      R1      0
  1054     1053     0.297     -1.192     0.6103    16.9      R1      0
  1055     1054     0.495     -0.9321    0.7484    17.3      R1      0
  1056     1055     0.297     -0.5074    0.7692    17.6      R1      0
  1057     1056     0.297     -0.06831   0.7707    17.8      R1      0
  1058     1057     0.297     0.3584     0.7772    18.1      R1      0
  1059     1058     0.298     0.7356     0.794     18.4      R1      0
  1060     1059     0.298     1.073      0.8554    18.7      R1      0
  1061     1060     0.298     1.318      1.094     19.1      R1      0
  1062     1061     0.199     1.435      1.55      19.2      R1      0
  1063     1062     0.297     1.281      2.021     19.2      R1      0
  1064     1063     0.495     1.12       2.487     19.2      R1      0
  1065     1064     0.396     0.9291     2.94      19.2      R1      0
  1066     1065     0.297     0.7935     3.381     19.4      R1      0
  1067     1066     0.298     0.7772     3.832     19.6      R1      0
  1068     1067     0.297     0.8093     4.319     19.7      R1      0
  1069     1068     0.495     0.8578     4.552     19.6      R1      0
  1070     1069     0.298     1.124      4.907     19.4      R1      0
  1071     1070     0.298     1.413      5.23      19.2      R1      0
  1072     1071     0.297     1.731      5.462     18.9      R1      0
  1073     1072     0.298     1.977      5.712     18.5      R1      0
  1074     1073     0.298     2.086      5.954     18.1      R1      0
  1075     1074     0.297     2.202      6.16      17.7      R1      0
  1076     1075     0.297     2.325      6.369     17.2      R1      0
  1077     1076     0.299     2.415      6.732     16.9      R1      0
  1078     1077     0.297     2.598      7.179     16.8      R1      0
  1079     1078     0.297     2.776      7.638     16.9      R1      0
  1080     1079     0.298     2.81       8.127     16.9      R1      0
  1081     1080     0.297     2.783      8.583     17.1      R1      0
  1082     1081     0.396     2.693      9.017     17.3      R1      0
  1083     1082     0.299     2.444      9.422     17.4      R1      0
  1084     1083     0.298     2.265      9.82      17.7      R1      0
  1085     1084     0.297     2.084      10.21     17.9      R1      0
  1086     1085     0.297     1.793      10.5      18.1      R1      0
  1087     1068     0.299     0.4876     4.673     19.7      R1      0
  1088     1087     0.297     0.252      5.104     19.7      R1      0
  1089     1088     0.396     -0.07079   5.48      19.7      R1      0
  1090     1089     0.298     -0.3732    5.867     19.7      R1      0
  1091     1090     0.199     -0.7395    6.138     19.9      R1      0
  1092     1091     0.297     -1.156     6.263     20.1      R1      0
  1093     1092     0.297     -1.625     6.386     20.2      R1      0
  1094     1093     0.297     -2.117     6.405     20.1      R1      0
  1095     1094     0.399     -2.562     6.405     19.9      R1      0
  1096     1052     0.495     -1.307     0.297     16.4      R1      0
  1097     1096     0.396     -1.565     0.3653    16.7      R1      0
  1098     1097     0.297     -1.672     0.6643    17.1      R1      0
  1099     1098     0.297     -1.991     0.7905    17.4      R1      0
  1100     1099     0.396     -2.437     0.891     17.6      R1      0
  1101     1100     0.693     -2.907     1.04      17.6      R1      0
  1102     1101     0.693     -3.384     1.162     17.6      R1      0
  1103     1102     0.495     -3.79      1.438     17.7      R1      0
  1104     1103     0.594     -4.178     1.701     17.8      R1      0
  1105     1104     0.594     -4.528     2.027     18        R1      0
  1106     1105     0.298     -4.776     2.397     18.2      R1      0
  1107     1106     0.396     -4.808     2.498     18.2      R1      0
  1108     1107     0.297     -4.864     2.957     18.4      R1      0
  1109     1108     0.297     -4.851     3.449     18.4      R1      0
  1110     1109     0.396     -4.802     3.918     18.6      R1      0
  1111     1110     0.594     -4.615     4.362     18.7      R1      0
  1112     1111     0.396     -4.34      4.772     18.7      R1      0
  1113     1112     0.297     -4.082     5.183     18.8      R1      0
  1114     1113     0.298     -3.749     5.514     18.9      R1      0
  1115     1114     0.396     -3.366     5.824     18.8      R1      0
  1116     1115     0.396     -3.227     5.914     18.8      R1      0
  1117     1116     0.297     -2.902     6.249     18.6      R1      0
  1118     1117     0.299     -2.56      6.565     18.5      R1      0
  1119     1118     0.298     -2.227     6.923     18.4      R1      0
  1120     1119     0.298     -1.825     7.201     18.4      R1      0
  1121     1120     0.297     -1.391     7.409     18.5      R1      0
  1122     1121     0.297     -0.9405    7.566     18.6      R1      0
  1123     1122     0.297     -0.5098    7.806     18.7      R1      0
  1124     1123     0.297     -0.1896    8.174     18.7      R1      0
  1125     1124     0.297     0.09702    8.542     18.8      R1      0
  1126     1125     0.297     0.4534     8.871     18.9      R1      0
  1127     1126     0.297     0.8519     9.154     19        R1      0
  1128     1127     0.199     1.281      9.223     19.2      R1      0
  1129     1115     0.199     -3.336     6.172     19        R1      0
  1130     1129     0.199     -3.447     6.355     19.4      R1      0
  1131     1130     0.298     -3.461     6.31      19.9      R1      0
  1132     1131     0.297     -3.761     6.039     20.2      R1      0
  1133     1132     0.297     -4.201     5.844     20.2      R1      0
  1134     1133     0.298     -4.585     5.618     20.4      R1      0
  1135     1134     0.299     -4.868     5.38      20.7      R1      0
  1136     1106     0.297     -4.99      2.341     18.3      R1      0
  1137     1136     0.298     -5.347     2.387     18.6      R1      0
  1138     1137     0.297     -5.609     2.591     18.9      R1      0
  1139     1138     0.297     -6.009     2.842     19        R1      0
  1140     1139     0.297     -6.406     3.107     19.1      R1      0
  1141     1140     0.298     -6.765     3.446     19.2      R1      0
  1142     1141     0.299     -7.103     3.808     19.2      R1      0
  1143     1142     0.299     -7.403     4.198     19.2      R1      0
  1144     1143     0.299     -7.648     4.627     19.2      R1      0
  1145     1144     0.298     -7.889     5.055     19.1      R1      0
  1146     1145     0.298     -8.167     5.423     19        R1      0
  1147     1146     0.299     -8.43      5.84      19        R1      0
  1148     1147     0.298     -8.711     6.149     19.2      R1      0
  1149     1137     0.298     -5.513     2.193     18.6      R1      0
  1150     1149     0.298     -5.926     2.041     18.8      R1      0
  1151     1150     0.299     -6.342     2.015     19        R1      0
  1152     1151     0.298     -6.782     1.91      19.2      R1      0
  1153     1152     0.298     -7.21      1.717     19.4      R1      0
  1154     1153     0.297     -7.638     1.495     19.5      R1      0
  1155     1154     0.298     -8.029     1.242     19.6      R1      0
  1156     1155     0.298     -8.455     1.025     19.7      R1      0
  1157     1050     0.396     -1.612     -0.1242   15.9      R1      0
  1158     1157     0.297     -1.997     -0.3549   16.1      R1      0
  1159     1158     0.297     -2.354     -0.6811   16.1      R1      0
  1160     1159     0.594     -2.666     -1.018    16.3      R1      0
  1161     1160     0.594     -3.074     -1.281    16.3      R1      0
  1162     1042     0.594     -2.492     -2.306    13.5      R1      0
  1163     1162     1.188     -1.997     -2.306    13.5      R1      0
  1164     1163     1.386     -1.502     -2.306    13.5      R1      0
  1165     1164     0.891     -1.007     -2.306    13.5      R1      0
  1166     1165     0.495     -0.5123    -2.306    13.5      R1      0
  1167     1040     0.792     -3.074     -2.562    13.2      R1      0
  1168     1167     1.287     -2.88      -2.608    13.5      R1      0
  1169     1168     0.99      -2.628     -2.745    13.9      R1      0
  1170     1169     0.495     -2.53      -3.028    14.3      R1      0
  1171     1170     0.495     -2.489     -3.249    14.5      R1      0
  1172     1171     0.495     -2.344     -3.431    15        R1      0
  1173     1172     0.495     -2.298     -3.7      15.4      R1      0
  1174     1173     0.594     -2.283     -4.037    15.8      R1      0
  1175     1174     0.495     -2.233     -4.369    16.1      R1      0
  1176     1175     0.495     -2.053     -4.626    16.5      R1      0
  1177     1176     0.495     -1.702     -4.82     16.8      R1      0
  1178     1177     0.297     -1.388     -5.181    16.8      R1      0
  1179     1178     0.297     -1.312     -5.665    16.8      R1      0
  1180     1179     0.495     -1.427     -6.142    16.8      R1      0
  1181     1180     0.495     -1.467     -6.633    16.8      R1      0
  1182     1181     0.396     -1.291     -7.094    16.8      R1      0
  1183     1182     0.495     -1.122     -7.558    16.8      R1      0
  1184     1183     0.495     -0.8761    -7.986    16.8      R1      0
  1185     1184     0.396     -0.7816    -8.467    16.8      R1      0
  1186     1185     0.495     -0.8266    -8.958    16.8      R1      0
  1187     1186     0.297     -0.9004    -9.22     16.7      R1      0
  1188     1187     0.396     -1.215     -9.585    16.6      R1      0
  1189     1188     0.495     -1.64      -9.807    16.5      R1      0
  1190     1189     0.396     -2.039     -10.06    16.3      R1      0
  1191     1190     0.298     -2.318     -10.46    16.3      R1      0
  1192     1191     0.297     -2.508     -10.91    16.2      R1      0
  1193     1192     0.298     -2.567     -11.37    16.1      R1      0
  1194     1193     0.396     -2.58      -11.82    15.9      R1      0
  1195     1194     0.297     -2.636     -12.3     15.8      R1      0
  1196     1195     0.298     -2.822     -12.76    15.8      R1      0
  1197     1196     0.298     -3.019     -13.21    15.9      R1      0
  1198     1197     0.299     -3.352     -13.51    16.1      R1      0
  1199     1198     0.298     -3.793     -13.72    16.1      R1      0
  1200     1199     0.298     -4.246     -13.84    16.2      R1      0
  1201     1200     0.298     -4.729     -13.89    16.4      R1      0
  1202     1201     0.297     -5.172     -14.04    16.5      R1      0
  1203     1202     0.299     -5.528     -14.17    16.8      R1      0
  1204     1203     0.396     -5.744     -14.36    17.2      R1      0
  1205     1204     0.297     -5.892     -14.6     17.6      R1      0
  1206     1186     0.396     -0.8138    -9.015    16.8      R1      0
  1207     1206     0.298     -0.6004    -9.442    16.9      R1      0
  1208     1207     0.297     -0.3425    -9.859    16.9      R1      0
  1209     1208     0.297     -0.04851   -10.2     17.1      R1      0
  1210     1209     0.297     0.2742     -10.53    17.2      R1      0
  1211     1210     0.396     0.5762     -10.83    17.5      R1      0
  1212     1211     0.297     0.493      -11.27    17.6      R1      0
  1213     1212     0.297     0.1599     -11.63    17.6      R1      0
  1214     1213     0.297     -0.1678    -11.96    17.4      R1      0
  1215     1214     0.298     -0.6395    -12.07    17.4      R1      0
  1216     1215     0.298     -1.085     -12.16    17.6      R1      0
  1217     1216     0.298     -1.473     -12.37    17.8      R1      0
  1218     1217     0.297     -1.791     -12.66    18.1      R1      0
  1219     1218     0.299     -2.05      -13.07    18.1      R1      0
  1220     1170     0.495     -2.562     -3.109    14.6      R1      0
  1221     1220     0.396     -2.564     -3.313    15.1      R1      0
  1222     1221     0.495     -2.568     -3.56     15.5      R1      0
  1223     1222     0.297     -2.584     -3.851    15.9      R1      0
  1224     1223     0.396     -2.644     -4.015    16.4      R1      0
  1225     1224     0.399     -2.788     -3.856    16.8      R1      0
  1226     1225     0.396     -2.824     -3.542    17.2      R1      0
  1227     1226     0.399     -2.859     -3.093    17.3      R1      0
  1228     1227     0.299     -3.074     -2.818    17.1      R1      0
  1229     1167     0.792     -3.074     -2.562    13.3      R1      0
  1230     1229     1.089     -3.021     -2.598    13.8      R1      0
  1231     1230     0.495     -2.881     -2.732    14.2      R1      0
  1232     1231     0.396     -2.907     -2.919    14.7      R1      0
  1233     1232     0.396     -3.152     -3.006    15.1      R1      0
  1234     1233     0.297     -3.508     -2.878    15.4      R1      0
  1235     1234     0.298     -3.772     -2.669    15.7      R1      0
  1236     1235     0.297     -3.88      -2.243    15.9      R1      0
  1237     1236     0.297     -4.023     -1.88     16.2      R1      0
  1238     1237     0.297     -4.375     -1.81     16.6      R1      0
  1239     1238     0.297     -4.743     -1.856    16.9      R1      0
  1240     1239     0.297     -4.831     -2.002    17.3      R1      0
  1241     1240     0.297     -4.709     -1.992    17.8      R1      0
  1242     1241     0.297     -4.556     -1.844    18.2      R1      0
  1243     1242     0.297     -4.349     -1.761    18.7      R1      0
  1244     1243     0.297     -4.136     -1.68     19.1      R1      0
  1245     1244     0.297     -4.108     -1.389    19.5      R1      0
  1246     1245     0.396     -4.128     -1.026    19.9      R1      0
  1247     1246     0.298     -4.216     -0.6291   20.2      R1      0
  1248     1247     0.297     -4.454     -0.5193   20.3      R1      0
  1249     1248     0.297     -4.837     -0.4722   20.7      R1      0
  1250     1249     0.299     -5.179     -0.3203   21        R1      0
  1251     1250     0.297     -5.469     -0.09504  21.3      R1      0
  1252     1251     0.299     -5.873     -0.00396  21.6      R1      0
  1253     1252     0.299     -6.289     -0.00594  21.8      R1      0
  1254     1253     0.298     -6.738     -0.02376  22        R1      0
  1255     1254     0.297     -7.208     -0.09999  22.1      R1      0
  1256     1255     0.299     -7.638     -0.298    22.1      R1      0
  1257     1256     0.299     -7.942     -0.5123   21.8      R1      0
  1258     1247     0.99      -3.974     -0.3866   20.2      R1      0
  1259     1258     0.396     -3.948     0.03118   20.2      R1      0
  1260     1259     0.298     -4.216     0.4029    20.4      R1      0
  1261     1260     0.297     -4.504     0.7866    20.5      R1      0
  1262     1261     0.299     -4.868     1.025     20.7      R1      0
  1263      934     0.396     -3.042     -2.313    12        R2      0
  1264     1263     0.297     -2.811     -2.335    12.4      R2      0
  1265     1264     0.298     -2.775     -2.478    12.8      R2      0
  1266     1265     0.396     -2.67      -2.742    13.2      R1      0
  1267     1266     0.99      -2.359     -2.904    13.6      R1      0
  1268     1267     0.792     -1.965     -3.133    13.8      R1      0
  1269     1268     0.396     -1.568     -3.395    13.9      R1      0
  1270     1269     0.297     -1.175     -3.684    14        R1      0
  1271     1270     0.495     -0.7984    -3.985    13.9      R1      0
  1272     1271     0.396     -0.5123    -4.356    13.7      R1      0
  1273      929     0.396     -2.961     -3.297    10.3      R2      0
  1274     1273     0.497     -3.261     -3.237    10.7      R2      0
  1275     1274     0.497     -3.265     -3.231    10.7      R2      0
  1276     1275     0.693     -3.408     -2.984    11.1      R2      0
  1277     1276     0.693     -3.627     -2.838    11.5      R2      0
  1278     1277     0.495     -3.869     -2.82     11.9      R2      0
  1279     1278     0.594     -3.955     -2.821    12.2      R2      0
  1280     1279     0.495     -3.969     -2.821    12.2      R2      0
  1281     1280     0.396     -4.25      -2.828    12.6      R2      0
  1282     1281     0.495     -4.555     -2.851    13        R1      0
  1283     1282     0.297     -4.789     -2.934    13.4      R1      0
  1284     1283     0.297     -4.931     -3.234    13.8      R1      0
  1285     1284     0.396     -5.128     -3.626    14        R1      0
  1286     1285     0.297     -5.351     -4.031    14.2      R1      0
  1287     1286     0.299     -5.451     -4.445    14.4      R1      0
  1288     1287     0.298     -5.675     -4.734    14.8      R1      0
  1289     1288     0.396     -6.06      -4.92     15        R1      0
  1290     1289     0.298     -6.509     -5.109    15.1      R1      0
  1291     1290     0.299     -6.95      -5.321    15.1      R1      0
  1292     1291     0.297     -7.399     -5.467    15.3      R1      0
  1293     1292     0.297     -7.827     -5.707    15.3      R1      0
  1294     1293     0.298     -8.277     -5.898    15.3      R1      0
  1295     1294     0.298     -8.695     -6.004    15.2      R1      0
  1296     1295     0.495     -8.967     -6.149    14.8      R1      0
  1297     1279     0.396     -3.903     -2.7      12.3      R2      0
  1298     1297     0.298     -3.843     -2.562    12.7      R2      0
  1299     1298     0.297     -3.843     -2.562    13.2      R1      0
  1300     1299     0.693     -3.843     -2.562    13.7      R1      0
  1301     1278     0.495     -3.877     -2.503    12.3      R2      0
  1302     1301     0.495     -4.079     -2.306    12.7      R2      0
  1303     1302     0.594     -4.351     -2.185    13.1      R1      0
  1304     1303     0.396     -4.611     -2.05     13.5      R1      0
  1305     1274     0.495     -3.562     -3.323    10.9      R2      0
  1306     1305     0.594     -3.884     -3.284    11.2      R2      0
  1307     1306     0.693     -4.13      -3.153    11.7      R2      0
  1308     1307     0.693     -4.324     -3.01     12.1      R2      0
  1309     1308     0.693     -4.432     -2.797    12.5      R2      0
  1310     1309     0.792     -4.622     -2.601    12.9      R2      0
  1311     1310     0.297     -4.961     -2.566    13.3      R1      0
  1312     1311     0.298     -5.336     -2.574    13.6      R1      0
  1313     1312     0.297     -5.785     -2.614    13.8      R1      0
  1314     1313     0.297     -6.158     -2.763    14.1      R1      0
  1315     1314     0.399     -6.482     -2.678    14.4      R1      0
  1316     1315     0.594     -6.731     -2.325    14.7      R1      0
  1317     1316     0.495     -7.015     -1.933    14.8      R1      0
  1318     1317     0.594     -7.305     -1.536    14.8      R1      0
  1319     1318     0.297     -7.67      -1.269    15        R1      0
  1320     1319     0.396     -8.04      -1.093    15.2      R1      0
  1321     1320     0.297     -8.427     -0.941    15.5      R1      0
  1322     1321     0.298     -8.829     -0.8163   15.8      R1      0
  1323     1322     0.199     -9.223     -1.025    15.8      R1      0
  1324      919     0.99      -1.979     -2.57     6.15      R2      0
  1325     1324     0.693     -2.101     -2.601    6.6       R2      0
  1326     1325     0.693     -2.249     -2.72     7.05      R2      0
  1327     1326     0.396     -2.349     -2.996    7.45      R2      0
  1328     1327     0.396     -2.466     -3.268    7.85      R2      0
  1329     1328     0.792     -2.733     -3.394    8.25      R2      0
  1330     1329     0.99      -2.979     -3.548    8.65      R2      0
  1331     1330     0.792     -3.266     -3.65     9.05      R2      0
  1332     1331     0.693     -3.523     -3.791    9.45      R2      0
  1333     1332     0.495     -3.843     -3.843    9.85      R2      0
  1334      984     0.2509    9.994      0.1574    22.4      R1      0
  1335     1259     0.2732    -3.921     0.5064    19.7      R1      0
  1336     1029     0.1991    0.7252     -4.858    18.1      R1      0
  1337     1336     0.1748    0.3128     -5.077    18        R1      0
  1338       20     0.1485    -0.4133    -3.769    -8.3      R4      0
  1339     1338     0.298     -0.6608    -3.324    -8.25     R4      0
  1340     1339     0.396     -0.8093    -2.829    -8.3      R4      0
  1341       29     0.2665    -1.7       -4.908    -11.7     R5      0
  1342     1341     0.2297    -1.255     -4.537    -11.8     R5      0
  1343       40     0.2475    -0.2193    -4.776    -16.2     R5      0
  1344     1343     0.1485    -0.5534    -4.392    -16.2     R5      0
  1345      553     0.2475    0.9316     -8.191    -35.4     R7      0
  1346     1345     0.2669    0.5108     -7.581    -35.2     R7      0
  1347      714     0.5442    10.48      -3.076    -35.7     R7      0
  1348     1347     0.1485    10.92      -2.977    -35.7     R8      827
  1349      822     0.325     10.33      -6.937    -36.3     R7      0
  1350     1349     0.2475    10.08      -6.442    -36.3     R7      0
  1351     1350     0.297     9.911      -6.187    -36.4     R7      0
  1352     1351     0.2489    9.627      -5.84     -36.3     R8      0
  1353      180     0.693     -2.344     2.963     -40.3     R7      0
  1354     1353     0.5445    -2.839     2.963     -40.1     R7      0
  1355     1354     0.396     -3.334     2.963     -40.1     R8      0
  1356      123     0.2981    -0.6697    4.288     -41.4     R7      0
  1357     1356     0.3457    -0.2317    4.006     -41.3     R7      0
  1358     1357     0.399     0.2797     4.25      -41.3     R8      0
  1359      123     0.495     -1.057     4.547     -41.3     R7      0
  1360     1359     0.3465    -0.7103    5.042     -41.3     R7      0
  1361     1360     0.198     -0.4133    5.388     -41.3     R8      0
