#
#   node  parent    dia       xbio       ybio      zbio      region   dendr
#
      0        0     6.5        0          0         0       SOMA      0
#     1        0     1.683      0          0.5023   -0.2     SOMA      0
      1        0     1.313      0          0.5003   -3.5     R4        0
#     3        2     2.99       0.000495   0.5023   -1.1     SOMA      0 
#     4        3     3.181      0.001485   0.5093   -1.55    SOMA      0
#     5        4     2.725      0.006435   0.5043   -2.05    SOMA      0
#     6        5     2.195      0.03217    0.5083   -2.55    SOMA      0
#     7        6     2.785      0.1421     0.5054   -3       SOMA      0
#     8        7     2.253      0.4302     0.500    -3.4     SOMA      0
     9        1     1.337      0.5227     1.477    -3.85     R4        0
    10        9     0.495      0.4732     -1.578    -4.2     R4        0
    11       10     1.029      0.6336     -2.027    -4.55    R4        0
    12       11     0.8559     0.5574     -2.376    -4.9     R4        0
    13       12     0.8862     0.4653     -2.599    -5.3     R4        0
    14       13     0.9467     0.3213     -3        -5.65    R4        0
    15       14     0.8897     0.1831     -3.346    -6       R4        0
    16       15     1.089      0.1282     -3.572    -6.45    R4        0
    17       16     0.6573     -0.2025    -3.824    -6.85    R4        0
    18       17     0.7488     -0.3703    -3.538    -7.3     R4        0
    19       18     1.093      -0.1851    -3.216    -7.8     R4        0
    20       19     0.7981     -0.3039    -3.563    -8.3     R4        0
    21       20     0.7202     -0.7638    -3.859    -8.8     R4        0
    22       21     0.6766     -0.5598    -3.548    -9.3     R4        0
    23       22     0.9611     -0.8088    -3.543    -9.7     R4        0
    24       23     1.054      -1.094     -3.523    -10.1    R4        0
    25       24     0.8972     -1.32      -3.254    -10.6    R4        0
    26       25     0.7488     -1.215     -2.883    -11      R5        0
    27       26     0.7781     -1.27      -2.616    -11.4    R5        0
    28       27     0.7024     -1.159     -2.839    -11.9    R5        0
    29       28     0.8733     -0.8821    -2.776    -12.2    R5        0
    30       29     0.7309     -0.4648    -2.839    -12.6    R5        0
    31       30     0.6498     -0.07772   -2.691    -13      R5        0
    32       31     0.8104     0.2252     -2.409    -13.4    R5        0
    33       32     0.495      -0.2049    -2.606    -13.9    R5        0
    34       33     0.6465     -0.3772    -2.792    -14.4    R5        0
    35       34     0.5257     -0.6232    -2.955    -14.8    R5        0
    36       35     0.8821     -0.5351    -3.211    -15.2    R5        0
    37       36     0.495      -0.5925    -3.526    -15.7    R6        0
    38       37     1.047      -0.3871    -3.766    -16.1    R6        0
    39       38     0.7187     0.000495   -3.902    -16.6    R6        0
    40       39     0.495      0.3396     -3.719    -17      R6        0
    41       40     0.495      0.1599     -3.708    -17.5    R7        701
    42       41     0.396      0.2658     -3.497    -17.9    R7        0
    43       42     0.396      0.4039     -3.168    -18.2    R7        0
    44       43     0.3783     0.7044     -2.878    -18.5    R7        0
    45       44     0.548      0.8559     -2.799    -18.9    R7        0
    46       45     0.297      0.7514     -2.829    -19.2    R7        0
    47       46     0.451      0.6029     -2.789    -19.7    R7        0
    48       47     0.5069     0.4242     -2.631    -19.9    R7        0
    49       48     0.4446     0.2158     -2.459    -20.6    R7        0
    50       49     0.3942     0.2133     -2.182    -21      R7        0
    51       50     0.5019     0.09603    -2.064    -21.5    R7        0
    52       51     0.4501     -0.05099   -2.232    -22      R7        0
    53       52     0.5363     0.149      -2.225    -22.5    R7        0
    54       53     0.8322     0.296      -2.182    -22.9    R7        0
    55       54     0.729      0.4613     -2.049    -23.4    R7        0
    56       55     0.8238     0.4678     -1.81     -23.8    R7        0
    57       56     0.6507     0.4559     -1.494    -24.2    R7        0
    58       57     0.396      0.4519     -1.473    -24.2    R7        0
    59       58     0.495      0.3955     -1.235    -24.7    R7        0
    60       59     0.594      0.2742     -1.143    -24.9    R7        0
    61       60     0.594      0.05692    -0.9588   -25.3    R7        0
    62       61     0.8193     -0.2119    -0.8296   -25.7    R7        0
    63       62     0.9063     -0.447     -0.6489   -26.1    R7        0
    64       63     0.594      -0.6846    -0.4376   -26.5    R7        0
    65       64     0.693      -1.009     -0.2059   -26.8    R7        0
    66       65     1.13       -1.191     0.06336   -27.1    R7        0
    67       66     1.009      -1.264     0.3574    -27.5    R7        0
    68       67     0.5094     -1.463     0.4455    -27.9    R7        0
    69       68     0.9954     -1.497     0.2623    -28.4    R7        0
    70       69     0.9749     -1.486     0.1634    -28.8    R7        0
    71       70     0.7        -1.42      -0.1371   -29.2    R7        0
    72       71     0.529      -1.42      -0.1891   -29.3    R7        0
    73       72     0.5702     -1.421     -0.3316   -29.8    R7        0
    74       73     0.5862     -1.424     -0.4069   -30.2    R7        0
    75       74     0.8187     -1.432     -0.2307   -30.8    R7        0
    76       75     0.5673     -1.489     -0.0594   -31.2    R7        0
    77       76     0.6507     -1.723     -0.06188  -31.7    R7        0
    78       77     0.5884     -1.978     0         -32.1    R7        0
    79       78     0.5636     -2.035     0         -32.2    R7        0
    80       79     0.5389     -2.354     0         -32.5    R7        0
    81       80     0.297      -2.709     0.000495  -32.9    R7        0
    82       81     0.5208     -3.023     0.03416   -33.2    R7        0
    83       82     0.4709     -3.264     0.01337   -33.2    R7        0
    84       83     0.7657     -3.55      0.00396   -33.5    R7        0
    85       84     1.005      -4.03      0.1643    -33.5    R7        0
    86       85     1.36       -4.472     0.2782    -33.5    R7        0
    87       86     1.417      -4.959     0.4311    -33.5    R7        0
    88       87     1.222      -5.369     0.7009    -33.5    R7        0
    89       88     0.9743     -5.725     1.007     -33.5    R7        0
    90       89     0.6218     -6.042     1.283     -33.4    R7        0
    91       90     0.5967     -6.318     1.599     -33.3    R7        0
    92       91     0.6659     -6.748     1.839     -33.4    R7        0
    93       92     1.076      -7.004     2.103     -33.8    R7        0
    94       93     0.7698     -7.334     2.378     -34      R7        0
    95       94     0.8709     -7.872     2.392     -34      R7        0
    96       95     0.9027     -8.267     2.558     -34      R7        0
    97       96     0.9609     -8.769     2.823     -34      R7        0
    98       97     0.8081     -9.239     2.926     -34      R7        0
    99       98     0.3752     -9.756     3         -34      R7        0
   100       99     0.4625     -10.21     3.181     -33.9    R7        0
   101      100     0.7614     -10.57     3.46      -33.7    R7        0
   102      101     1.027      -10.84     3.736     -33.5    R7        0
   103      102     0.6362     -11.22     3.935     -33.2    R7        0
   104      103     0.548      -11.5      4.242     -32.9    R7        0
   105      104     0.396      -11.97     4.419     -32.8    R7        0
   106      105     0.3531     -12.41     4.531     -32.8    R7        0
   107      106     0.2866     -12.83     4.589     -32.8    R8        801
   108       87     0.396      -5.16      0.2529    -33.7    R7        0
   109      108     0.198      -5.63      0.2153    -33.8    R7        0
   110      109     0.495      -6.094     0.1401    -33.9    R7        0
   111      110     0.396      -6.501     -0.1272   -34      R7        0
   112      111     0.495      -6.855     -0.4727   -34      R7        0
   113      112     0.396      -6.941     -0.5623   -34      R7        0
   114      113     0.297      -7.279     -0.9237   -33.9    R7        0
   115      114     0.297      -7.562     -1.304    -33.8    R7        0
   116      115     0.297      -7.773     -1.692    -33.6    R7        0
   117      116     0.396      -7.921     -2.03     -33.2    R7        0
   118      117     0.297      -8.231     -2.16     -32.9    R7        0
   119      118     0.299      -8.654     -2.305    -32.7    R7        0
   120      119     0.297      -8.993     -2.603    -32.6    R8        802
   121      112     0.396      -7.121     -0.4896   -34      R7        0
   122      121     0.396      -7.494     -0.7272   -33.8    R7        0
   123      122     0.299      -7.823     -0.8895   -33.5    R7        0
   124      123     0.299      -8.202     -0.7628   -33.2    R7        0
   125      124     0.297      -8.649     -0.6732   -33      R7        0
   126      125     0.299      -8.993     -0.4732   -32.8    R8        0
   127       78     0.396      -1.894     0         -32.3    R7        0
   128      127     0.3908     -1.892     -0.07425  -32.8    R7        0
   129      128     0.3774     -1.89      -0.2614   -33.2    R7        0
   130      129     0.5379     -1.884     -0.3787   -33.6    R7        0
   131      130     0.7341     -1.899     -0.6796   -34      R7        0
   132      131     0.408      -1.764     -0.9717   -34.3    R7        0
   133      132     0.3448     -1.624     -1.297    -34.7    R7        0
   134      133     0.3451     -1.587     -1.704    -34.8    R7        0
   135      134     0.2158     -1.658     -2.124    -34.7    R7        0
   136      135     0.5671     -1.768     -2.555    -34.6    R7        0
   137      136     0.355      -1.781     -3.139    -34.7    R8        803
   138      129     0.4913     -2.202     -0.3797   -33.6    R7        0
   139      138     0.4811     -2.418     -0.3118   -34.1    R7        0
   140      139     0.3516     -2.561     -0.3411   -34.5    R7        0
   141       71     0.396      -1.211     -0.2247   -29.4    R7        0
   142      141     0.6316     -0.994     -0.6282   -29.6    R7        0
   143      142     0.297      -0.747     -0.9336   -29.9    R7        0
   144      143     0.299      -0.7098    -1.42     -29.9    R8        0
   145       67     1.072      -1.433     0.7163    -27.5    R7        0
   146      145     0.9871     -1.662     1.02      -27.9    R7        0
   147      146     0.6577     -1.863     1.421     -28      R7        0
   148      147     0.3947     -2.479     1.395     -28      R7        0
   149      148     0.5274     -2.885     1.453     -28      R7        0
   150      149     0.4439     -3.183     2.145     -28      R7        0
   151      150     0.6412     -3.508     2.509     -27.8    R7        0
   152      151     0.6206     -3.778     2.791     -27.8    R7        0
   153      152     0.7721     -4.262     3         -27.7    R7        0
   154      153     1.114      -4.66      3.237     -27.7    R7        0
   155      154     0.7033     -4.828     3.569     -27.5    R7        0
   156      155     0.3515     -5.22      3.956     -27.4    R7        0
   157      156     0.3612     -5.628     4.271     -27.2    R7        0
   158      157     0.5684     -6.071     4.421     -27.6    R7        0
   159      158     0.693      -6.485     4.358     -27.8    R7        0
   160      159     0.891      -6.86      4.135     -28      R7        0
   161      160     0.891      -7.107     3.792     -28.2    R7        0
   162      161     0.693      -7.24      3.403     -28.5    R7        0
   163      162     0.4571     -7.347     2.992     -28.8    R7        0
   164      163     0.5895     -7.761     2.87      -28.7    R7        0
   165      164     0.4021     -7.931     2.527     -29.4    R7        812
   166      165     0.3839     -8.225     2.173     -29.7    R8        0
   167      158     0.8619     -6.442     4.494     -27.5    R7        0
   168      167     0.95       -6.889     4.474     -27.7    R7        0
   169      168     0.695      -7.374     4.333     -27.8    R7        0
   170      169     0.3309     -7.848     4.186     -27.7    R7        0
   171      170     0.5644     -8.37      4.235     -27.6    R8        0
   172       59     0.495      0.4495     -1.199    -24.8    R7        0
   173      172     0.495      0.391      -1.135    -25.3    R7        0
   174      173     0.198      0.4247     -0.9945   -25.8    R7        0
   175      174     0.297      0.6885     -0.9464   -26.2    R7        0
   176      175     0.198      0.943      -0.9459   -26.6    R7        0
   177      176     0.297      1.238      -0.9445   -27      R7        0
   178      177     0.198      1.651      -0.938    -27.2    R7        0
   179      178     0.297      2.061      -0.9103   -27.6    R7        0
   180      179     0.396      2.422      -0.7375   -27.8    R7        0
   181      180     0.396      2.679      -0.4064   -28.1    R7        0
   182      181     0.396      2.82       -0.08959  -28.4    R7        0
   183      182     0.297      2.803      -0.1262   -28.9    R7        0
   184      183     0.198      2.694      -0.2752   -29.3    R7        0
   185      184     0.198      2.867      -0.4465   -29.7    R7        0
   186      185     0.198      3.138      -0.4717   -29.9    R7        0
   187      186     0.198      3.626      -0.4653   -29.9    R7        0
   188      187     0.495      4.119      -0.4341   -29.9    R7        0
   189      188     0.297      4.582      -0.3059   -30      R7        0
   190      189     0.299      5.033      -0.2772   -30.2    R7        0
   191      190     0.198      5.348      -0.4143   -30.6    R7        0
   192      191     0.396      5.571      -0.4188   -31      R7        0
   193      192     0.495      5.781      -0.2653   -31.4    R7        0
   194      193     0.396      6.001      -0.08267  -31.8    R7        0
   195      194     0.297      6.047      -0.06732  -31.9    R7        0
   196      195     0.495      6.36       0.004455  -32.2    R7        0
   197      196     0.297      6.715      0.02722   -32.6    R7        0
   198      197     0.396      7.082      0.08118   -33      R7        0
   199      198     0.396      7.439      0.2896    -33.2    R7        0
   200      199     0.198      7.704      0.6687    -33.3    R7        0
   201      200     0.297      7.809      1.108     -33.5    R7        0
   202      201     0.297      7.832      1.471     -33.8    R7        0
   203      202     0.396      7.876      1.786     -34.2    R7        0
   204      203     0.299      8.062      1.938     -34.6    R7        0
   205      204     0.297      8.284      1.657     -34.9    R8        806
   206      198     0.396      7.085      0.1104    -33      R7        0
   207      206     0.396      7.234      0.2544    -33.4    R7        0
   208      207     0.198      7.523      0.3237    -33.8    R7        0
   209      208     0.299      7.71       0.4445    -34.2    R7        0
   210      209     0.396      7.629      0.4232    -34.7    R7        0
   211      210     0.198      7.22       0.247     -34.9    R7        0
   212      211     0.299      6.864      0         -34.7    R8        0
   213      194     0.396      6.031      -0.01089  -32.2    R7        0
   214      213     0.495      6.381      -0.05791  -32.5    R7        0
   215      214     0.396      6.713      -0.2366   -32.8    R7        0
   216      215     0.396      6.798      -0.6088   -33.1    R7        0
   217      216     0.198      6.649      -0.9761   -33.4    R7        0
   218      217     0.297      6.463      -1.169    -33.8    R7        0
   219      218     0.594      6.154      -1.184    -34.2    R8        0
   220      185     0.297      2.841      -0.7059   -29.9    R7        0
   221      220     0.198      3.285      -0.7024   -30.1    R7        0
   222      221     0.198      3.695      -0.6767   -30.4    R7        0
   223      222     0.396      3.962      -0.5663   -30.8    R7        0
   224      223     0.297      4.01       -0.3544   -31.2    R7        0
   225      224     0.198      3.952      -0.1104   -31.7    R7        0
   226      225     0.297      3.701      -0.000495  -32.1   R7        0
   227      226     0.297      3.698      0.00594   -32.5    R7        0
   228      227     0.297      3.787      0.0302    -33      R7        0
   229      228     0.693      3.787      0.1539    -33.5    R7        0
   230      229     0.693      3.786      0.2119    -33.7    R7        0
   231      230     0.495      3.785      0.2594    -34.2    R7        0
   232      231     0.198      3.777      0.3529    -34.7    R7        0
   233      232     0.297      3.745      0.6475    -35.1    R7        0
   234      233     0.299      3.55       0.9469    -35.4    R8        807
   235      229     0.594      3.787      0.1841    -33.5    R7        0
   236      235     0.495      3.77       0.498     -33.9    R7        0
   237      236     0.396      3.638      0.6831    -34.3    R7        0
   238      237     0.299      3.55       0.9469    -34.7    R7        0
   239       45     0.6021     0.9509     -2.769    -18.9    R7        0
   240      239     0.6743     1.425      -2.616    -18.9    R7        0
   241      240     0.6981     1.76       -2.353    -19      R7        0
   242      241     0.5167     1.908      -1.79     -19.2    R7        0
   243      242     0.5332     2.173      -1.399    -19.2    R7        0
   244      243     0.6963     2.354      -1.115    -19.2    R7        0
   245      244     0.3137     2.705      -0.8276   -19.2    R7        0
   246      245     0.4416     2.968      -0.8197   -19.2    R7        0
   247      246     0.6744     3.332      -1.194    -19.3    R7        0
   248      247     0.396      3.529      -1.498    -19.6    R7        0
   249      248     0.4928     3.531      -1.861    -20      R7        0
   250      249     0.5911     3.447      -2.122    -20.4    R7        0
   251      250     0.6648     3.32       -2.351    -20.8    R7        0
   252      251     0.633      3.277      -2.558    -21.2    R7        0
   253      252     0.297      3.315      -2.373    -21.8    R7        0
   254      253     0.4558     3.482      -2.326    -22.2    R7        0
   255      254     0.299      3.352      -2.41     -22.8    R7        0
   256      255     0.416      3.5        -2.502    -23.2    R7        0
   257      256     0.3339     3.676      -2.407    -23.5    R7        0
   258      257     0.4085     3.915      -2.278    -23.8    R7        0
   259      258     0.3998     3.807      -1.796    -24.2    R7        0
   260      259     0.396      3.817      -1.352    -24.4    R7        0
   261      260     0.5109     3.653      -0.9553   -24.7    R7        0
   262      261     0.297      3.998      -0.6782   -25.1    R7        0
   263      262     0.297      4.254      -0.4846   -25.4    R7        0
   264      263     0.396      4.343      -0.4198   -25.9    R7        0
   265      264     0.5176     4.458      -0.2416   -26.4    R7        0
   266      265     0.7803     4.424      0.01287   -26.8    R7        0
   267      266     0.7242     4.351      0.4539    -27      R7        0
   268      267     0.5467     4.185      0.8643    -27.2    R7        0
   269      268     0.495      3.953      1.236     -27.5    R7        0
   270      269     0.594      3.776      1.63      -27.8    R7        0
   271      270     0.5116     3.56       1.935     -28      R7        0
   272      271     0.495      3.395      2.294     -28.4    R7        0
   273      272     0.396      3.346      2.626     -28.7    R7        0
   274      273     0.5282     3.398      3.001     -29      R7        0
   275      274     0.9371     3.518      3.221     -29.4    R7        0
   276      275     1.497      3.54       3.613     -29.8    R7        0
   277      276     1.265      3.404      3.81      -30.3    R7        0
   278      277     0.8609     3.034      3.822     -30.7    R7        0
   279      278     0.6298     2.781      3.926     -31.1    R7        0
   280      279     0.693      2.616      3.803     -31.3    R7        0
   281      280     0.4152     2.22       3.803     -31.7    R7        0
   282      281     0.5763     1.818      3.903     -31.9    R7        0
   283      282     0.5583     1.372      4.178     -32      R7        0
   284      283     0.5837     1.156      4.409     -32.1    R7        0
   285      284     0.7301     1.143      4.756     -32      R7        0
   286      285     0.5606     1.076      5.204     -31.9    R7        0
   287      286     0.396      1.207      5.625     -31.6    R7        0
   288      287     0.594      1.376      5.926     -31.2    R7        0
   289      288     0.495      1.39       6.252     -31      R7        0
   290      289     0.495      1.322      6.633     -30.7    R7        0
   291      290     0.495      1.074      7.024     -30.5    R7        0
   292      291     0.495      0.8875     7.371     -30.2    R7        0
   293      292     0.5322     0.6653     7.498     -29.9    R7        0
   294      293     0.4258     0.4356     7.314     -29.5    R7        0
   295      294     0.2812     0.2693     7.091     -29.1    R7        0
   296      295     0.2662     0.943      7.038     -29      R8        817
   297      284     0.396      0.9677     4.497     -32.1    R7        0
   298      297     0.396      0.6192     4.502     -32.4    R7        0
   299      298     0.297      0.2881     4.514     -32.8    R7        0
   300      299     0.299      0.1341     4.524     -33      R7        0
   301      300     0.297      -0.0193    4.569     -33.5    R7        0
   302      301     0.198      -0.1302    4.529     -33.9    R7        0
   303      302     0.299      -0.2297    4.624     -34.4    R7        0
   304      303     0.299      -0.2366    4.727     -34.9    R7        0
   305      304     0.297      -0.2366    4.731     -35.4    R7        0
   306      305     0.297      -0.2366    4.72      -35.9    R7        0
   307      306     0.297      -0.2366    4.665     -36.4    R7        0
   308      307     0.198      -0.2366    4.497     -36.9    R8        808
   309      299     0.297      0.05148    4.5       -32.8    R7        0
   310      309     0.396      -0.3965    4.453     -33      R7        0
   311      310     0.495      -0.8465    4.279     -33      R7        0
   312      311     0.495      -1.165     3.92      -32.9    R7        0
   313      312     0.299      -1.399     3.508     -32.8    R7        0
   314      313     0.299      -1.53      3.066     -32.7    R7        0
   315      314     0.297      -1.272     2.667     -32.7    R7        0
   316      315     0.299      -1.183     2.367     -33      R8        0
   317      283     0.4258     1.276      4.488     -32.3    R7        0
   318      317     0.3977     1.297      4.982     -32.3    R7        0
   319      318     0.6791     1.264      5.44      -32.5    R7        0
   320      319     0.7309     1.288      5.865     -32.5    R7        0
   321      320     0.5564     1.52       5.801     -33.3    R7        0
   322      321     0.438      1.742      5.89      -33.7    R7        0
   323      322     0.3213     1.995      6.161     -34      R7        0
   324      323     0.3263     2.328      6.499     -34.2    R7        0
   325      324     0.3867     2.692      6.74      -34.2    R7        0
   326      325     0.5062     2.879      7.259     -34.4    R7        0
   327      326     0.3978     2.864      7.719     -34.5    R7        0
   328      327     0.198      3.662      7.822     -34.5    R8        809
   329      279     0.297      2.845      3.788     -31.4    R7        0
   330      329     0.396      2.986      3.824     -31.9    R7        0
   331      330     0.396      3.336      3.951     -32.2    R7        0
   332      331     0.297      3.728      4.042     -32.5    R7        0
   333      332     0.396      4.13       4.123     -32.7    R7        0
   334      333     0.297      4.599      4.242     -32.8    R7        0
   335      334     0.198      5.09       4.244     -32.9    R7        0
   336      335     0.198      5.527      4.175     -33.1    R7        0
   337      336     0.299      5.69       3.846     -33.4    R7        0
   338      337     0.198      5.732      3.654     -33.8    R7        0
   339      338     0.396      5.917      3.787     -34.2    R8        810
   340      256     0.2438     3.541      -2.779    -23.4    R7        0
   341      340     0.297      3.673      -3.148    -23.7    R7        0
   342      341     0.297      3.945      -3.376    -24.1    R7        0
   343      342     0.299      4.011      -3.611    -24.5    R7        0
   344      343     0.396      3.969      -3.765    -25      R7        0
   345      344     0.495      3.785      -3.785    -25.4    R7        0
   346      345     0.594      3.539      -3.78     -25.8    R7        0
   347      346     0.299      3.346      -3.754    -26.2    R7        0
   348      347     0.198      3.085      -3.657    -26.7    R7        0
   349      348     0.198      2.862      -3.489    -27.1    R7        0
   350      349     0.299      2.644      -3.34     -27.5    R7        0
   351      350     0.297      2.497      -3.315    -27.8    R7        0
   352      351     0.396      2.218      -3.318    -28.2    R7        0
   353      352     0.693      2.12       -3.323    -28.5    R7        0
   354      353     0.299      1.981      -3.361    -28.9    R7        0
   355      354     0.297      2.097      -3.528    -29.4    R7        0
   356      355     0.297      2.151      -3.835    -29.8    R7        0
   357      356     0.298      2.239      -4.096    -30.2    R7        0
   358      357     0.299      2.372      -4.109    -30.6    R7        0
   359      358     0.299      2.4        -4.006    -31.1    R7        0
   360      359     0.297      2.528      -3.947    -31.6    R7        0
   361      360     0.298      2.682      -3.72     -32      R7        0
   362      361     0.299      2.948      -3.365    -32.2    R7        0
   363      362     0.297      3.019      -3.063    -32.6    R7        0
   364      363     0.495      2.881      -2.915    -33      R7        0
   365      364     0.495      2.823      -2.682    -33.4    R7        0
   366      365     0.297      2.78       -2.383    -33.8    R7        0
   367      366     0.297      2.61       -2.148    -34.2    R7        0
   368      367     0.198      2.275      -2.053    -34.5    R7        0
   369      368     0.495      1.941      -1.787    -34.7    R7        0
   370      369     0.495      1.571      -1.499    -34.9    R7        0
   371      370     0.594      1.21       -1.173    -35      R7        0
   372      371     0.396      0.9316     -0.788    -35.1    R7        0
   373      372     0.198      0.6955     -0.3901   -35.2    R7        0
   374      373     0.297      0.4158     -0.01386  -35.4    R7        0
   375      374     0.297      0          0.2366    -35.4    R8        811
   376      363     0.297      3.034      -3.002    -32.6    R7        0
   377      376     0.297      3.111      -2.859    -33      R7        0
   378      377     0.298      3.261      -2.939    -33.5    R7        0
   379      378     0.298      3.429      -3.205    -33.9    R7        0
   380      379     0.298      3.876      -3.279    -34      R7        0
   381      380     0.299      4.26       -3.077    -34.2    R8        0
   382      359     0.298      2.242      -4.016    -31.2    R7        0
   383      382     0.297      1.85       -4.041    -31.6    R7        0
   384      383     0.299      1.503      -4.164    -31.8    R7        0
   385      384     0.297      1.64       -4.275    -32.2    R7        0
   386      385     0.693      1.93       -4.329    -32.7    R7        0
   387      386     0.198      2.048      -4.534    -33.1    R7        0
   388      387     0.198      1.827      -4.718    -33.5    R7        0
   389      388     0.299      1.42       -4.733    -33.7    R8        0
   390      352     0.594      2.058      -3.316    -28.4    R7        0
   391      390     0.792      1.747      -3.22     -28.7    R7        0
   392      391     0.297      1.64       -2.927    -29.1    R7        0
   393      392     0.198      1.529      -2.629    -29.5    R7        0
   394      393     0.198      1.565      -2.599    -30      R7        0
   395      394     0.198      1.895      -2.588    -30.3    R7        0
   396      395     0.297      2.333      -2.541    -30.5    R7        0
   397      396     0.396      2.775      -2.368    -30.7    R7        0
   398      397     0.693      3.21       -2.19     -30.8    R7        0
   399      398     0.693      3.609      -1.904    -30.9    R7        0
   400      399     0.198      4.052      -1.715    -30.9    R7        0
   401      400     0.299      4.497      -1.893    -30.9    R8        0
   402      350     0.198      2.602      -3.016    -27.8    R7        0
   403      402     0.297      2.591      -2.676    -28.2    R7        0
   404      403     0.299      2.553      -2.372    -28.6    R7        0
   405      404     0.198      2.367      -2.13     -29      R8        0
   406      245     0.299      2.889      -0.9969   -19.1    R7        0
   407      406     0.396      3.228      -0.9355   -18.8    R7        0
   408      407     0.594      3.566      -0.8964   -18.4    R7        0
   409      408     0.396      3.847      -0.7519   -18      R7        0
   410      409     0.396      4.145      -0.5034   -17.7    R7        0
   411      410     0.396      4.416      -0.1371   -17.5    R7        0
   412      411     0.297      4.734      0.2366    -17.5    R8        0
   413      243     0.6525     2.399      -1.066    -19.2    R7        0
   414      413     0.693      2.878      -1.232    -19      R7        0
   415      414     0.891      3.283      -1.423    -18.8    R7        0
   416      415     0.693      3.574      -1.631    -18.4    R7        0
   417      416     0.495      3.91       -1.657    -18.1    R7        0
   418      417     0.396      4.26       -1.657    -17.7    R8        0
   419       41     0.297      0.2198     -3.769    -17.7    R7        0
   420      419     0.198      0.4198     -3.979    -18.1    R7        0
   421      420     0.396      0.4722     -4.356    -18.4    R7        0
   422      421     0.198      0.4668     -4.838    -18.5    R7        0
   423      422     0.396      0.443      -5.316    -18.6    R7        0
   424      423     0.396      0.3534     -5.753    -18.8    R7        0
   425      424     0.198      0.4505     -6.171    -19      R7        0
   426      425     0.396      0.6841     -6.532    -19.2    R7        0
   427      426     0.495      0.9083     -6.683    -19.6    R7        0
   428      427     0.297      0.9791     -6.87     -20      R7        0
   429      428     0.198      1.088      -7.052    -20.5    R7        0
   430      429     0.396      1.304      -7.12     -20.9    R7        0
   431      430     0.297      1.559      -7.175    -21.4    R7        0
   432      431     0.297      1.654      -7.322    -21.8    R7        0
   433      432     0.396      1.641      -7.379    -22.3    R7        0
   434      433     0.297      1.59       -7.533    -22.8    R7        0
   435      434     0.297      1.459      -7.733    -23.2    R7        0
   436      435     0.297      1.471      -7.868    -23.7    R7        0
   437      436     0.297      1.516      -7.947    -23.9    R7        0
   438      437     0.396      1.825      -8.042    -24.2    R7        0
   439      438     0.396      2.159      -8.047    -24.6    R7        0
   440      439     0.396      2.432      -8.048    -25      R7        0
   441      440     0.297      2.656      -8.051    -25.5    R7        0
   442      441     0.297      2.887      -8.063    -25.9    R7        0
   443      442     0.495      3.204      -8.099    -26.2    R7        0
   444      443     0.297      3.457      -8.231    -26.7    R7        0
   445      444     0.495      3.734      -8.299    -27.1    R7        0
   446      445     0.495      3.973      -8.341    -27.5    R7        0
   447      446     0.594      4.065      -8.435    -27.8    R7        0
   448      447     0.396      4.198      -8.494    -28      R7        0
   449      448     0.396      4.347      -8.52     -28.4    R7        0
   450      449     0.297      4.608      -8.52     -28.9    R7        0
   451      450     0.396      4.904      -8.52     -29.2    R7        0
   452      451     0.495      5.08       -8.522    -29.7    R7        0
   453      452     0.297      5.331      -8.529    -30.2    R7        0
   454      453     0.297      5.444      -8.563    -30.6    R7        0
   455      454     0.297      5.444      -8.568    -30.7    R7        0
   456      455     0.297      5.444      -8.74     -31.1    R7        0
   457      456     0.298      5.442      -8.962    -31.6    R7        0
   458      457     0.495      5.437      -9.004    -32.1    R7        0
   459      458     0.594      5.412      -9.036    -32.5    R7        0
   460      459     0.299      5.29       -9.143    -33      R7        0
   461      460     0.298      5.149      -9.032    -33.5    R7        0
   462      461     0.495      4.963      -8.995    -33.9    R7        0
   463      462     0.396      4.779      -8.998    -34.4    R7        0
   464      463     0.198      4.726      -9.017    -34.9    R7        0
   465      464     0.594      4.696      -9.117    -35.4    R7        0
   466      465     0.297      4.539      -9.186    -35.8    R7        0
   467      466     0.297      4.26       -8.994    -36.1    R8        805
   468      458     0.396      5.438      -9.054    -32.1    R7        0
   469      468     0.396      5.583      -9.276    -32.5    R7        0
   470      469     0.297      5.814      -9.433    -32.9    R7        0
   471      470     0.297      6.054      -9.548    -33.3    R7        0
   472      471     0.299      6.096      -9.671    -33.8    R7        0
   473      472     0.298      5.854      -9.617    -34.2    R7        0
   474      473     0.298      5.682      -9.25     -34.4    R7        0
   475      474     0.299      5.68       -8.757    -34.5    R8        0
   476      454     0.297      5.444      -8.601    -30.7    R7        0
   477      476     0.495      5.639      -8.755    -31      R7        0
   478      477     0.299      6.056      -8.748    -31.2    R7        0
   479      478     0.198      6.542      -8.715    -31.4    R7        0
   480      479     0.297      7.019      -8.595    -31.4    R7        0
   481      480     0.297      7.492      -8.675    -31.4    R7        0
   482      481     0.396      7.895      -8.908    -31.5    R7        0
   483      482     0.396      7.993      -8.94     -31.5    R7        0
   484      483     0.297      8.476      -8.988    -31.6    R7        0
   485      484     0.495      8.971      -8.967    -31.6    R7        0
   486      485     0.297      9.449      -8.855    -31.6    R7        0
   487      486     0.198      9.934      -8.814    -31.5    R7        0
   488      487     0.297      10.24      -9.072    -31.3    R7        0
   489      488     0.297      10.52      -9.372    -31.1    R7        0
   490      489     0.299      10.89      -9.23     -30.9    R8        815
   491      482     0.396      8.046      -9.294    -31.6    R7        0
   492      491     0.299      8.032      -9.765    -31.7    R7        0
   493      492     0.198      7.987      -10.15    -32.1    R7        0
   494      493     0.297      7.749      -10.4     -32.4    R7        0
   495      494     0.299      7.302      -10.44    -32.6    R7        0
   496      495     0.297      6.894      -10.57    -32.8    R7        0
   497      496     0.396      6.627      -10.89    -33      R8        0
   498      448     0.396      4.497      -8.52     -28.2    R7        0
   499      498     0.396      4.692      -8.505    -28.2    R7        0
   500      499     0.297      5.18       -8.429    -28.2    R7        0
   501      500     0.198      5.586      -8.154    -28.2    R7        0
   502      501     0.297      5.943      -7.867    -28      R7        0
   503      502     0.297      6.02       -7.836    -28      R7        0
   504      503     0.396      6.456      -7.65     -27.9    R7        0
   505      504     0.297      6.86       -7.604    -27.6    R7        0
   506      505     0.396      7.269      -7.703    -27.3    R7        0
   507      506     0.297      7.742      -7.822    -27.2    R7        0
   508      507     0.594      8.229      -7.905    -27.2    R7        0
   509      508     0.594      8.638      -8.176    -27.2    R7        0
   510      509     0.396      8.994      -8.52     -27.2    R8        816
   511      502     0.594      6.086      -7.668    -28      R7        0
   512      511     0.495      6.069      -7.204    -28      R7        0
   513      512     0.297      5.801      -6.797    -28      R7        0
   514      513     0.396      5.422      -6.49     -28.1    R7        0
   515      514     0.198      4.97       -6.39     -28.2    R8        0
   516      498     0.396      4.696      -8.52     -28.5    R7        0
   517      516     0.396      5.086      -8.628    -28.7    R7        0
   518      517     0.693      5.492      -8.776    -29      R7        0
   519      518     0.396      5.912      -8.921    -29.2    R7        0
   520      519     0.297      6.379      -8.997    -29.2    R7        0
   521      520     0.299      6.829      -8.795    -29.2    R7        0
   522      521     0.297      7.32       -8.755    -29.2    R7        0
   523      522     0.396      7.815      -8.748    -29.2    R7        0
   524      523     0.297      8.308      -8.708    -29.2    R7        0
   525      524     0.297      8.757      -8.52     -29.2    R8        0
   526      447     0.297      3.726      -8.558    -28      R7        0
   527      526     0.299      3.278      -8.758    -28      R7        0
   528      527     0.299      2.803      -8.869    -28.1    R7        0
   529      528     0.198      2.367      -8.757    -28.2    R8        0
   530      446     0.396      4.034      -8.283    -28      R7        0
   531      530     0.396      4.079      -8.282    -28.5    R7        0
   532      531     0.297      4.23       -8.278    -29      R7        0
   533      532     0.198      4.257      -8.259    -29.4    R7        0
   534      533     0.198      4.241      -8.156    -29.9    R7        0
   535      534     0.396      4.19       -7.837    -30.3    R7        0
   536      535     0.396      4          -7.445    -30.5    R7        0
   537      536     0.396      3.736      -7.083    -30.7    R7        0
   538      537     0.299      3.382      -6.874    -31      R7        0
   539      538     0.198      2.984      -6.874    -31.2    R7        0
   540      539     0.495      2.671      -6.902    -31.6    R7        0
   541      540     0.594      2.491      -7.036    -32.1    R7        0
   542      541     0.495      2.2        -7.155    -32.5    R7        0
   543      542     0.396      1.893      -7.337    -32.8    R8        814
   544      436     0.198      1.454      -7.771    -23.8    R7        0
   545      544     0.198      1.305      -7.617    -24.1    R7        0
   546      545     0.198      1.19       -7.769    -24.6    R7        0
   547      546     0.198      1.183      -7.81     -25.1    R7        0
   548      547     0.198      1.182      -7.808    -25.6    R7        0
   549      548     0.594      1.174      -7.797    -26.1    R7        0
   550      549     0.495      1.135      -7.745    -26.6    R7        0
   551      550     0.396      0.9702     -7.6      -27      R7        0
   552      551     0.299      0.7059     -7.556    -27.5    R7        0
   553      552     0.198      0.5029     -7.467    -27.9    R7        0
   554      553     0.396      0.5232     -7.655    -28.3    R7        0
   555      554     0.299      0.69       -7.967    -28.7    R7        0
   556      555     0.299      0.8484     -8.264    -29      R7        0
   557      556     0.198      1.104      -8.523    -29.4    R7        0
   558      557     0.198      1.183      -8.808    -29.7    R7        0
   559      558     0.297      1.182      -9.093    -30.2    R7        0
   560      559     0.299      1.178      -9.451    -30.5    R7        0
   561      560     0.297      1.159      -9.779    -30.9    R7        0
   562      561     0.396      1.139      -9.891    -31      R7        0
   563      562     0.99       1.005      -10.22    -31.3    R7        0
   564      563     0.792      0.6628     -10.44    -31.6    R7        0
   565      564     0.396      0.2604     -10.6     -31.8    R7        0
   566      565     0.299      -0.153     -10.76    -32      R7        0
   567      566     0.297      -0.4549    -10.51    -32.3    R7        0
   568      567     0.396      -0.8128    -10.24    -32.5    R7        0
   569      568     0.495      -1.144     -9.908    -32.7    R7        0
   570      569     0.396      -1.391     -9.573    -32.9    R7        0
   571      570     0.396      -1.565     -9.261    -33.2    R7        0
   572      571     0.495      -1.893     -8.994    -33.5    R8        0
   573      561     0.297      1.165      -9.759    -30.9    R7        0
   574      573     0.297      1.201      -9.707    -31.4    R7        0
   575      574     0.297      1.279      -9.726    -31.9    R7        0
   576      575     0.297      1.438      -9.808    -32.4    R7        0
   577      576     0.297      1.585      -10.02    -32.8    R7        0
   578      577     0.198      1.595      -10.18    -33.2    R7        0
   579      578     0.396      1.42       -10.19    -33.7    R7        0
   580      579     0.594      1.249      -10.23    -34.2    R7        0
   581      580     0.495      1.034      -10.37    -34.6    R7        0
   582      581     0.198      0.7806     -10.44    -35      R7        0
   583      582     0.299      0.7103     -10.65    -35.4    R8        804
   584      426     0.299      0.9355     -6.849    -19.2    R7        0
   585      584     0.297      1.049      -7.281    -19      R7        0
   586      585     0.396      1.38       -7.563    -18.8    R7        0
   587      586     0.297      1.741      -7.739    -18.5    R7        0
   588      587     0.299      2.13       -7.81     -18.2    R8        0
#   589        0     1.881      0          0.5         0.3      SOMA      0
#   590      589     1.98       0          0.5         0.8      SOMA      0
#   591      590     2.277      0          0.5         1.3      SOMA      0
#   592      591     2.376      -0.000495   0.5         1.8     SOMA      0
#   593      592     2.574      -0.004455   0 .5        2.3     SOMA      0
#   594      593     2.376      -0.02129   0.500495  2.8      SOMA      0
#   595      594     1.98       -0.1025    0.502475  3.3      SOMA      0
#   596      595     1.386      -0.3807    0.50891   3.7      SOMA      0
#   597      596     1.773      -0.7148    0.50822   4.1      SOMA      0
#   598      597     1.681      -1.026     0.50553   4.45     SOMA      0
#   599      598     2.091      -1.473     0.501     4.85     SOMA      0
#   600      599     1.301      -1.356     0.503     5.2      SOMA      0
   601      0     0.912      -1.266     1.105     5.6        R2        0
   602      601     0.693      -1.216     1.257     5.95     R2        0
   603      602     0.693      -1.175     1.416     6        R2        0
   604      603     0.891      -1.183     1.615     6.45     R2        0
   605      604     0.594      -1.183     1.75      6.75     R2        0
   606      605     0.396      -1.183     2.016     7.15     R2        0
   607      606     0.594      -1.183     2.13      7.65     R2        0
   608      607     0.891      -1.183     2.131     8.1      R2        0
   609      608     0.891      -1.183     2.136     8.55     R2        0
   610      609     0.396      -1.184     2.163     9.05     R2        0
   611      610     0.396      -1.184     2.206     9.35     R2        0
   612      611     0.396      -1.187     2.376     9.8      R2        0
   613      612     0.495      -1.197     2.529     10.3     R2        0
   614      613     0.495      -1.248     2.637     10.8     R2        0
   615      614     0.297      -1.393     2.762     11.2     R2        0
   616      615     0.299      -1.42      2.875     11.7     R2        0
   617      616     0.396      -1.42      3.017     12.2     R2        0
   618      617     0.396      -1.42      3.019     12.2     R2        0
   619      618     0.594      -1.42      3.188     12.6     R2        0
   620      619     0.495      -1.42      3.333     12.9     R2        0
   621      620     0.594      -1.42      3.667     13.2     R2        0
   622      621     0.891      -1.42      4.017     13.6     R2        0
   623      622     0.495      -1.42      4.368     13.9     R2        0
   624      623     0.198      -1.42      4.72      14.3     R1        0
   625      624     0.297      -1.42      5.076     14.6     R1        0
   626      625     0.594      -1.42      5.444     15       R1        0
   627      626     0.297      -1.42      5.63      15.2     R1        0
   628      627     0.396      -1.42      6.095     15.3     R1        0
   629      628     0.396      -1.42      6.589     15.3     R1        0
   630      629     0.891      -1.421     7.078     15.4     R1        0
   631      630     0.594      -1.424     7.494     15.7     R1        0
   632      631     0.891      -1.434     7.901     15.9     R1        0
   633      632     1.287      -1.487     8.381     16       R1        0
   634      633     1.089      -1.697     8.821     16       R1        0
   635      634     0.495      -1.951     9.219     16.2     R1        0
   636      635     0.396      -2.212     9.614     16.3     R1        0
   637      636     0.594      -2.384     9.993     16.6     R1        0
   638      637     0.792      -2.477     10.32     16.9     R1        0
   639      638     0.792      -2.626     10.41     17.1     R1        0
   640      639     0.495      -2.995     10.53     17.4     R1        0
   641      640     0.297      -3.393     10.63     17.8     R1        0
   642      641     0.198      -3.787     10.65     18.1     R1        0
   643      642     0.594      -4.157     10.65     18.1     R1        0
   644      643     0.891      -4.651     10.65     18.1     R1        0
   645      644     0.594      -5.146     10.63     18.1     R1        0
   646      645     0.396      -5.636     10.57     18.1     R1        0
   647      646     0.693      -6.068     10.34     18.1     R1        0
   648      647     0.594      -6.497     10.18     17.9     R1        0
   649      648     0.693      -6.947     10.12     17.8     R1        0
   650      649     0.495      -7.39      9.927     17.6     R1        0
   651      650     0.396      -7.825     9.702     17.6     R1        0
   652      651     0.594      -8.283     9.593     17.4     R1        0
   653      652     0.693      -8.519     9.441     17.4     R1        0
   654      653     0.594      -8.882     9.105     17.4     R1        0
   655      654     0.396      -9.233     8.755     17.4     R1        0
   656      655     0.297      -9.583     8.405     17.4     R1        0
   657      656     0.396      -9.934     8.057     17.4     R1        0
   658      657     0.297      -10.26     7.721     17.2     R1        0
   659      658     0.299      -10.44     7.67      17.2     R1        0
   660      659     0.297      -10.85     7.829     17.1     R1        0
   661      660     0.297      -11.29     8.009     16.9     R1        0
   662      661     0.198      -11.73     8.072     16.7     R1        0
   663      662     0.297      -12.1      8.171     16.4     R1        0
   664      663     0.297      -12.5      8.316     16.1     R1        0
   665      664     0.297      -12.75     8.402     16       R1        0
   666      665     0.299      -12.97     8.581     15.6     R1        0
   667      666     0.297      -12.95     8.788     15.2     R1        0
   668      667     0.297      -12.7      9.013     14.8     R1        0
   669      668     0.297      -12.44     9.197     14.4     R1        0
   670      669     0.198      -12.58     9.353     13.9     R1        0
   671      670     0.198      -12.9      9.477     13.6     R1        0
   672      671     0.297      -13.3      9.592     13.3     R1        0
   673      672     0.297      -13.72     9.702     13.1     R1        0
   674      673     0.299      -14.19     9.703     13.1     R1        0
   675      674     0.198      -14.67     9.703     13.2     R1        0
   676      675     0.299      -15.09     9.703     13.5     R1        0
   677      676     0.198      -15.53     9.704     13.7     R1        0
   678      677     0.299      -16        9.706     13.8     R1        0
   679      678     0.198      -16.49     9.716     13.9     R1        0
   680      679     0.198      -16.89     9.757     14.2     R1        0
   681      680     0.299      -17.2      9.929     14.5     R1        0
   682      681     0.299      -17.51     10.18     14.8     R1        0
   683      664     0.198      -12.54     8.486     16.4     R1        0
   684      683     0.198      -12.65     8.364     16.9     R1        0
   685      684     0.297      -13.05     8.234     17.1     R1        0
   686      685     0.297      -13.49     8.047     17.2     R1        0
   687      659     0.198      -10.56     7.481     17.2     R1        0
   688      687     0.396      -10.92     7.164     17.2     R1        0
   689      688     0.198      -11.34     7.014     17.4     R1        0
   690      689     0.297      -11.69     6.87      17.8     R1        0
   691      690     0.198      -12.06     6.824     18.1     R1        0
   692      691     0.198      -12.44     6.641     18.3     R1        0
   693      692     0.297      -12.31     6.39      18.6     R1        0
   694      658     0.297      -10.33     7.556     17.2     R1        0
   695      694     0.198      -10.53     7.111     17.2     R1        0
   696      695     0.297      -10.59     6.626     17.2     R1        0
   697      696     0.396      -10.46     6.158     17.3     R1        0
   698      697     0.396      -10.5      5.73      17.5     R1        0
   699      698     0.198      -10.7      5.421     17.9     R1        0
   700      699     0.198      -10.93     5.051     18.1     R1        0
   701      700     0.297      -11.18     4.71      18.4     R1        0
   702      701     0.396      -11.44     4.311     18.4     R1        0
   703      702     0.198      -11.78     3.997     18.6     R1        0
   704      703     0.198      -12        3.681     18.7     R1        0
   705      704     0.299      -12.09     3.21      18.8     R1        0
   706      705     0.198      -12.15     2.739     18.7     R1        0
   707      706     0.396      -12.19     2.262     18.7     R1        0
   708      707     0.495      -12.08     1.82      18.9     R1        0
   709      708     0.495      -12.04     1.401     19.1     R1        0
   710      709     0.495      -11.92     1.016     19.4     R1        0
   711      710     0.297      -11.8      0.7163    19.8     R1        0
   712      711     0.299      -11.6      0.4732    20.1     R1        0
   713      703     0.198      -11.88     4.006     18.7     R1        0
   714      713     0.396      -12.21     3.818     18.9     R1        0
   715      714     0.396      -12.38     3.37      19       R1        0
   716      715     0.297      -12.54     3.077     19.4     R1        0
   717      652     0.495      -8.524     9.702     17.4     R1        0
   718      717     0.594      -8.947     9.522     17.6     R1        0
   719      718     0.396      -9.388     9.536     17.8     R1        0
   720      719     0.297      -9.791     9.733     18       R1        0
   721      720     0.299      -10.12     10.05     18.2     R1        0
   722      721     0.198      -10.26     10.5      18.4     R1        0
   723      722     0.297      -10.33     10.98     18.4     R1        0
   724      723     0.297      -10.12     11.41     18.4     R1        0
   725      724     0.297      -9.843     11.74     18.6     R1        0
   726      725     0.297      -9.776     12.02     19.1     R1        0
   727      726     0.297      -9.786     12.03     19.1     R1        0
   728      727     0.297      -10.02     12.28     19.4     R1        0
   729      728     0.297      -10.21     12.48     19.9     R1        0
   730      729     0.297      -10.37     12.61     20.3     R1        0
   731      730     0.198      -10.35     12.8      20.8     R1        0
   732      731     0.198      -10.19     13.06     21.1     R1        0
   733      732     0.198      -10.18     13.27     21.6     R1        0
   734      733     0.297      -10.18     13.49     22       R1        0
   735      726     0.297      -9.698     12.03     19.1     R1        0
   736      735     0.396      -9.257     12.17     19.2     R1        0
   737      736     0.396      -8.974     12.47     19.4     R1        0
   738      737     0.299      -8.757     12.78     19.4     R1        0
   739      642     0.495      -3.89      10.65     18.2     R1        0
   740      739     0.792      -4.281     10.64     18.4     R1        0
   741      740     0.891      -4.775     10.62     18.4     R1        0
   742      741     0.99       -5.246     10.49     18.4     R1        0
   743      742     0.396      -5.576     10.15     18.5     R1        0
   744      743     0.297      -5.659     9.732     18.8     R1        0
   745      744     0.396      -5.594     9.274     18.9     R1        0
   746      745     0.297      -5.314     8.953     19.1     R1        0
   747      746     0.299      -5.199     8.751     19.6     R1        0
   748      747     0.298      -5.171     8.584     20.1     R1        0
   749      748     0.298      -5.09      8.387     20.5     R1        0
   750      749     0.297      -5.286     8.259     20.9     R1        0
   751      750     0.298      -5.504     8.148     21.4     R1        0
   752      751     0.299      -5.444     8.283     21.8     R1        0
   753      638     0.693      -2.399     10.55     17.1     R1        0
   754      753     0.495      -2.549     10.73     17.5     R1        0
   755      754     0.495      -2.687     10.87     17.9     R1        0
   756      755     0.396      -2.851     10.89     18.4     R1        0
   757      756     0.297      -2.993     10.92     18.9     R1        0
   758      757     0.299      -3.039     11.04     19.4     R1        0
   759      758     0.396      -2.897     11.06     19.9     R1        0
   760      759     0.297      -2.766     10.83     20.2     R1        0
   761      760     0.495      -2.623     10.45     20.6     R1        0
   762      761     0.297      -2.56      10.09     20.9     R1        0
   763      762     0.297      -2.422     9.764     21.2     R1        0
   764      763     0.298      -2.416     9.462     21.6     R1        0
   765      764     0.298      -2.579     9.199     22       R1        0
   766      765     0.297      -2.634     8.99      22.4     R1        0
   767      766     0.298      -2.785     8.828     22.9     R1        0
   768      767     0.299      -2.84      8.859     23.4     R1        0
   769      768     0.495      -2.84      9.23      23.6     R1        0
   770      638     0.792      -2.48      10.32     16.9     R1        0
   771      770     0.891      -2.717     10.74     17       R1        0
   772      771     0.594      -3.115     10.99     17.1     R1        0
   773      772     0.198      -3.507     11.28     17.2     R1        0
   774      773     0.396      -3.909     11.56     17.2     R1        0
   775      774     0.495      -4.364     11.75     17.2     R1        0
   776      775     0.396      -4.768     12.03     17.2     R1        0
   777      776     0.396      -5.164     12.29     17.4     R1        0
   778      777     0.297      -5.537     12.62     17.4     R1        0
   779      778     0.495      -5.905     12.94     17.5     R1        0
   780      779     0.693      -6.311     13.2      17.6     R1        0
   781      780     0.396      -6.706     13.47     17.6     R1        0
   782      781     0.299      -7.1       13.73     17.4     R1        0
   783      626     0.297      -1.183     5.752     15.1     R1        0
   784      783     0.495      -1.183     6.208     15.2     R1        0
   785      784     0.495      -1.183     6.7       15.3     R1        0
   786      785     0.495      -1.183     7.177     15.4     R1        0
   787      786     0.495      -1.183     7.583     15.7     R1        0
   788      787     1.089      -1.183     8.008     15.9     R1        0
   789      788     0.594      -1.184     8.499     16       R1        0
   790      789     0.495      -1.184     8.994     16       R1        0
   791      790     0.396      -1.186     9.441     16       R1        0
   792      791     0.396      -1.196     9.935     16       R1        0
   793      792     0.792      -1.244     10.43     16       R1        0
   794      793     0.396      -1.383     10.85     16.2     R1        0
   795      794     0.297      -1.41      11.23     16.6     R1        0
   796      795     0.495      -1.389     11.6      16.9     R1        0
   797      796     0.396      -1.366     11.78     17.1     R1        0
   798      797     0.396      -1.216     12.22     17.1     R1        0
   799      798     0.299      -1.128     12.7      17.1     R1        0
   800      799     0.298      -1.007     12.88     16.9     R1        0
   801      800     0.297      -0.9742    13.03     16.4     R1        0
   802      801     0.297      -1.12      13.17     15.9     R1        0
   803      802     0.299      -1.346     13.28     15.5     R1        0
   804      803     0.297      -1.437     13.39     15       R1        0
   805      804     0.299      -1.526     13.74     14.7     R1        0
   806      805     0.198      -1.654     14.18     14.5     R1        0
   807      806     0.299      -1.656     14.68     14.6     R1        0
   808      807     0.297      -1.654     15.17     14.6     R1        0
   809      808     0.297      -1.647     15.62     14.8     R1        0
   810      809     0.297      -1.619     16.07     15       R1        0
   811      810     0.297      -1.53      16.52     15.2     R1        0
   812      811     0.297      -1.696     16.93     15.4     R1        0
   813      812     0.198      -1.985     17.28     15.6     R1        0
   814      813     0.199      -2.332     17.57     15.8     R1        0
   815      814     0.396      -2.614     17.94     15.9     R1        0
   816      815     0.297      -2.988     18.25     16       R1        0
   817      816     0.297      -3.386     18.55     16       R1        0
   818      817     0.297      -3.747     18.89     15.9     R1        0
   819      818     0.198      -4.095     19.21     15.8     R1        0
   820      819     0.297      -4.507     19.45     15.8     R1        0
   821      820     0.297      -4.96      19.64     15.8     R1        0
   822      821     0.199      -5.431     19.79     15.8     R1        0
   823      822     0.198      -5.917     19.88     15.8     R1        0
   824      799     0.198      -1.146     12.81     17.1     R1        0
   825      824     0.297      -1.355     13.14     17.4     R1        0
   826      825     0.297      -1.529     13.57     17.5     R1        0
   827      826     0.299      -1.68      13.96     17.8     R1        0
   828      827     0.198      -1.938     13.95     18.1     R1        0
   829      828     0.199      -2.327     13.73     18.1     R1        0
   830      829     0.198      -2.367     13.25     18.1     R1        0
   831      796     0.495      -1.186     11.6      17.2     R1        0
   832      831     0.297      -1.133     11.81     17.6     R1        0
   833      832     0.199      -0.9692    12.06     18       R1        0
   834      833     0.198      -0.5955    12.24     18.3     R1        0
   835      834     0.198      -0.1767    12.22     18.6     R1        0
   836      835     0.297      -0.00099   11.87     18.8     R1        0
   837      836     0.198      0.01584    11.44     19.1     R1        0
   838      837     0.495      0.07474    11.02     19.3     R1        0
   839      838     0.297      0.3831     10.8      19.6     R1        0
   840      839     0.297      0.7875     10.67     19.9     R1        0
   841      840     0.396      1.208      10.67     20.1     R1        0
   842      841     0.297      1.612      10.72     20.4     R1        0
   843      842     0.198      1.997      10.86     20.6     R1        0
   844      843     0.199      2.463      10.85     20.8     R1        0
   845      844     0.198      2.919      10.69     20.8     R1        0
   846      845     0.396      3.168      10.28     20.8     R1        0
   847      846     0.297      3.504      9.947     20.6     R1        0
   848      847     0.297      3.833      9.602     20.7     R1        0
   849      848     0.299      4.221      9.338     20.8     R1        0
   850      849     0.198      4.685      9.237     20.9     R1        0
   851      850     0.297      5.15       9.238     20.8     R1        0
   852      851     0.396      5.557      9.267     20.6     R1        0
   853      852     0.299      5.917      9.467     20.3     R1        0
   854      790     0.594      -1.172     9.343     15.8     R1        0
   855      854     0.594      -1.088     9.829     15.8     R1        0
   856      855     0.396      -0.7504    10.13     15.7     R1        0
   857      856     0.396      -0.2718    10.18     15.5     R1        0
   858      857     0.495      0.2227     10.18     15.5     R1        0
   859      858     0.297      0.7093     10.18     15.7     R1        0
   860      859     0.396      1.109      10.2      15.9     R1        0
   861      860     0.396      1.467      10.3      16.2     R1        0
   862      861     0.297      1.893      10.42     16.4     R1        0
   863      862     0.396      2.13       10.42     16.4     R1        0
   864      863     0.297      2.215      10.42     16.4     R1        0
   865      864     0.198      2.689      10.45     16.3     R1        0
   866      865     0.198      3.158      10.58     16.3     R1        0
   867      866     0.199      3.626      10.64     16.4     R1        0
   868      867     0.199      4.111      10.61     16.5     R1        0
   869      868     0.198      4.586      10.68     16.5     R1        0
   870      869     0.297      4.962      10.97     16.6     R1        0
   871      870     0.297      5.276      11.31     16.8     R1        0
   872      871     0.297      5.477      11.72     16.9     R1        0
   873      872     0.198      5.631      12.19     17       R1        0
   874      873     0.198      5.705      12.66     17.1     R1        0
   875      874     0.199      5.841      13.08     17.3     R1        0
   876      875     0.198      5.995      13.43     17.6     R1        0
   877      876     0.199      6.225      13.78     17.9     R1        0
   878      877     0.198      6.479      14.14     18.1     R1        0
   879      878     0.199      6.864      14.44     18.1     R1        0
   880      863     0.297      2.367      10.41     16.7     R1        0
   881      880     0.198      2.752      10.26     16.9     R1        0
   882      881     0.299      3.153      10.04     17.1     R1        0
   883      882     0.297      3.533      9.729     17.2     R1        0
   884      883     0.198      3.896      9.394     17.2     R1        0
   885      884     0.199      4.282      9.094     17.2     R1        0
   886      885     0.199      4.734      8.994     17.4     R1        0
   887      880     0.199      2.747      10.3      16.7     R1        0
   888      887     0.198      3.128      10.03     16.6     R1        0
   889      888     0.198      3.525      9.85      16.4     R1        0
   890      889     0.299      3.924      9.577     16.2     R1        0
   891      890     0.297      4.26       9.23      16.2     R1        0
   892      862     0.299      1.742      10.42     16.8     R1        0
   893      892     0.297      1.284      10.42     17       R1        0
   894      893     0.299      0.8163     10.47     17.1     R1        0
   895      894     0.299      0.4737     10.65     16.9     R1        0
   896      619     0.495      -1.42      3.188     12.6     R1        0
   897      896     0.495      -1.42      3.242     13       R1        0
   898      897     0.693      -1.42      3.592     13.4     R1        0
   899      898     0.792      -1.42      3.942     13.8     R1        0
   900      899     0.792      -1.42      4.292     14.1     R1        0
   901      900     0.594      -1.42      4.643     14.4     R1        0
   902      901     1.089      -1.42      4.995     14.8     R1        0
   903      902     0.693      -1.42      5.35      15.2     R1        0
   904      903     0.297      -1.42      5.717     15.5     R1        0
   905      904     0.297      -1.42      6.132     15.8     R1        0
   906      905     0.297      -1.42      6.581     16       R1        0
   907      906     0.198      -1.421     6.975     16.3     R1        0
   908      907     0.297      -1.423     7.415     16.5     R1        0
   909      908     0.792      -1.432     7.881     16.6     R1        0
   910      909     0.495      -1.465     8.246     17       R1        0
   911      910     0.495      -1.609     8.467     17.4     R1        0
   912      911     0.396      -1.882     8.457     17.8     R1        0
   913      912     0.396      -2.27      8.285     18.1     R1        0
   914      913     0.297      -2.681     8.102     18.2     R1        0
   915      914     0.297      -3.119     8.002     18.4     R1        0
   916      915     0.396      -3.551     7.852     18.6     R1        0
   917      916     0.297      -3.983     7.623     18.7     R1        0
   918      917     0.693      -4.383     7.363     18.8     R1        0
   919      918     0.594      -4.667     6.987     18.7     R1        0
   920      919     0.495      -4.75      6.584     18.4     R1        0
   921      920     0.396      -4.794     6.157     18.2     R1        0
   922      921     0.594      -4.926     5.806     18       R1        0
   923      922     0.495      -5.015     5.413     17.7     R1        0
   924      923     0.396      -5.196     5.048     17.4     R1        0
   925      924     0.396      -5.45      4.705     17.2     R1        0
   926      925     0.396      -5.812     4.477     17       R1        0
   927      926     0.396      -5.829     4.438     17       R1        0
   928      927     0.3791     -5.747     4.027     17       R1        0
   929      928     0.38       -6.231     3.558     17.1     R1        0
   930      929     0.2999     -6.235     3.097     17.2     R1        0
   931      930     0.396      -6.243     2.592     17.4     R1        0
   932      931     0.3364     -6.158     2.209     17.8     R1        0
   933      932     0.4296     -5.827     2.031     18.1     R1        0
   934      933     0.3985     -5.492     1.877     18.5     R1        0
   935      934     0.2528     -5.077     1.748     18.7     R1        0
   936      935     0.3998     -4.753     1.521     19       R1        0
   937      936     0.2572     -4.388     1.492     19.4     R1        0
   938      937     0.3387     -4.172     1.678     19.8     R1        0
   939      938     0.3466     -4.184     1.942     20.1     R1        0
   940      939     0.4682     -4.341     2.252     20.5     R1        0
   941      940     0.451      -4.625     2.367     20.9     R1        0
   942      941     0.253      -5.066     2.404     21.2     R1        0
   943      926     0.198      -6.082     4.493     16.8     R1        0
   944      943     0.6054     -6.549     4.491     16.8     R1        0
   945      944     0.4816     -6.939     4.463     17.1     R1        0
   946      945     0.5323     -7.369     4.306     17.2     R1        0
   947      946     0.297      -7.781     4.134     17.4     R1        0
   948      947     0.297      -8.094     3.827     17.6     R1        0
   949      948     0.297      -8.49      3.532     17.7     R1        0
   950      949     0.297      -8.828     3.172     17.7     R1        0
   951      950     0.396      -9.05      2.734     17.7     R1        0
   952      951     0.198      -9.294     2.31      17.7     R1        0
   953      952     0.297      -9.598     1.96      17.9     R1        0
   954      953     0.198      -9.851     1.56      18       R1        0
   955      954     0.199      -9.807     1.116     18       R1        0
   956      955     0.198      -9.756     0.6608    17.9     R1        0
   957      956     0.198      -9.94      0.2366    17.7     R1        0
   958      921     0.396      -4.719     5.884     18.1     R1        0
   959      958     0.199      -4.522     5.593     17.8     R1        0
   960      959     0.198      -4.285     5.198     17.6     R1        0
   961      960     0.199      -4.258     4.73      17.4     R1        0
   962      961     0.199      -4.252     4.237     17.4     R1        0
   963      962     0.198      -4.215     3.743     17.4     R1        0
   964      963     0.198      -4.047     3.285     17.4     R1        0
   965      964     0.198      -3.799     2.904     17.2     R1        0
   966      965     0.198      -3.604     2.482     17.1     R1        0
   967      966     0.198      -3.546     2.026     16.9     R1        0
   968      967     0.198      -3.532     1.55      16.9     R1        0
   969      968     0.199      -3.459     1.076     16.9     R1        0
   970      969     0.299      -3.103     0.7772    16.9     R1        0
   971      970     0.297      -2.629     0.8702    16.9     R1        0
   972      971     0.297      -2.159     1.023     16.9     R1        0
   973      972     0.299      -1.77      1.287     16.9     R1        0
   974      973     0.299      -1.893     1.657     16.9     R1        0
   975      617     0.396      -1.42      3.069     12.2     R1        0
   976      975     0.495      -1.331     3.372     12.5     R1        0
   977      976     0.396      -1.184     3.619     12.9     R1        0
   978      977     0.495      -1.13      3.939     13.3     R1        0
   979      978     0.495      -0.9989    4.203     13.8     R1        0
   980      979     0.495      -0.9435    4.521     14.1     R1        0
   981      980     0.495      -0.936     4.867     14.4     R1        0
   982      981     0.396      -0.9123    5.205     14.8     R1        0
   983      982     0.396      -0.8143    5.494     15.2     R1        0
   984      983     0.396      -0.7153    5.79      15.6     R1        0
   985      984     0.297      -0.6757    6.14      15.9     R1        0
   986      985     0.792      -0.5777    6.516     16.2     R1        0
   987      986     0.495      -0.4183    6.886     16.6     R1        0
   988      987     0.495      -0.1827    7.147     16.9     R1        0
   989      988     0.594      0.2366     7.311     17.1     R1        0
   990      989     0.495      0.7059     7.337     17.1     R1        0
   991      990     0.495      1.187      7.337     16.9     R1        0
   992      991     0.594      1.657      7.337     16.8     R1        0
   993      992     0.594      1.734      7.337     16.8     R1        0
   994      993     0.396      2.196      7.337     16.6     R1        0
   995      994     0.396      2.603      7.337     16.3     R1        0
   996      995     0.297      3.012      7.338     16       R1        0
   997      996     0.297      3.502      7.344     16       R1        0
   998      997     0.198      3.994      7.376     16       R1        0
   999      998     0.297      4.294      7.492     16.2     R1        0
  1000      999     0.396      4.631      7.723     16.4     R1        0
  1001     1000     0.396      5.008      7.991     16.6     R1        0
  1002     1001     0.297      5.361      8.162     16.9     R1        0
  1003     1002     0.297      5.563      8.493     17.2     R1        0
  1004     1003     0.396      5.597      8.938     17.4     R1        0
  1005     1004     0.297      5.372      9.358     17.6     R1        0
  1006     1005     0.198      5.224      9.707     17.8     R1        0
  1007     1006     0.297      5.225      9.976     18.2     R1        0
  1008     1007     0.198      5.28       10.2      18.6     R1        0
  1009     1008     0.198      5.415      10.37     19.1     R1        0
  1010     1009     0.198      5.431      10.59     19.6     R1        0
  1011     1010     0.297      5.391      10.82     20       R1        0
  1012     1011     0.198      5.237      11.08     20.4     R1        0
  1013     1012     0.199      5.215      11.36     20.8     R1        0
  1014     1013     0.198      5.241      11.62     21.2     R1        0
  1015     1014     0.198      5.351      11.84     21.6     R1        0
  1016     1015     0.198      5.541      12.05     22.1     R1        0
  1017     1016     0.199      5.75       12.27     22.4     R1        0
  1018     1017     0.198      6.027      12.51     22.8     R1        0
  1019     1018     0.198      6.038      12.81     23.1     R1        0
  1020     1019     0.297      5.754      13.1      23.4     R1        0
  1021     1020     0.198      5.349      13.24     23.6     R1        0
  1022     1021     0.199      4.914      13.25     23.9     R1        0
  1023     1022     0.198      4.497      13.25     24.1     R1        0
  1024      998     0.198      4.083      7.363     15.9     R1        0
  1025     1024     0.198      4.427      7.172     15.8     R1        0
  1026     1025     0.495      4.767      6.838     15.7     R1        0
  1027     1026     0.199      5.115      6.518     15.5     R1        0
  1028     1027     0.198      5.478      6.241     15.3     R1        0
  1029     1028     0.297      5.8        6.012     15       R1        0
  1030     1029     0.198      6.145      5.762     14.8     R1        0
  1031     1030     0.199      6.564      5.561     14.6     R1        0
  1032     1031     0.198      7.02       5.458     14.8     R1        0
  1033     1032     0.198      7.435      5.47      15       R1        0
  1034     1033     0.198      7.822      5.606     15.2     R1        0
  1035     1034     0.198      8.032      5.845     15.7     R1        0
  1036     1035     0.199      8.097      5.951     16.1     R1        0
  1037     1036     0.199      8.284      6.153     16.5     R1        0
  1038      995     0.198      2.596      7.265     15.9     R1        0
  1039     1038     0.199      2.526      6.967     15.5     R1        0
  1040     1039     0.199      2.688      6.656     15.3     R1        0
  1041     1040     0.299      3.077      6.39      15.3     R1        0
  1042      992     0.297      1.85       7.144     16.8     R1        0
  1043     1042     0.198      2.215      6.827     16.6     R1        0
  1044     1043     0.199      2.395      6.495     16.4     R1        0
  1045     1044     0.199      2.554      6.175     16       R1        0
  1046     1045     0.199      2.859      5.823     15.8     R1        0
  1047     1046     0.199      3.077      5.444     16       R1        0
  1048      989     0.396      0.4737     7.573     17.2     R1        0
  1049     1048     0.495      0.7677     7.703     17.2     R1        0
  1050     1049     0.297      1.155      8.009     17.2     R1        0
  1051     1050     0.297      1.514      8.324     17.4     R1        0
  1052     1051     0.299      1.761      8.719     17.5     R1        0
  1053     1052     0.299      1.589      9.12      17.6     R1        0
  1054     1053     0.297      1.307      9.393     17.3     R1        0
  1055     1054     0.198      1.082      9.459     16.9     R1        0
  1056     1055     0.198      0.8375     9.43      16.4     R1        0
  1057     1056     0.299      0.4851     9.288     16.1     R1        0
  1058     1057     0.299      0.2366     9.467     16.5     R1        0
  1059     1048     0.299      0.4757     7.852     17.4     R1        0
  1060     1059     0.299      0.5118     8.34      17.4     R1        0
  1061     1060     0.297      0.6509     8.797     17.3     R1        0
  1062     1061     0.299      0.7455     9.141     17.6     R1        0
  1063     1062     0.299      0.9469     8.994     17.9     R1        0
  1064      610     0.396      -1.216     2.471     9.45     R1        0
  1065     1064     0.594      -1.364     2.71      9.85     R1        0
  1066     1065     0.297      -1.462     2.977     10.2     R1        0
  1067     1066     0.198      -1.522     3.082     10.5     R1        0
  1068     1067     0.199      -1.766     3.181     10.9     R1        0
  1069     1068     0.198      -1.878     3.453     11.3     R1        0
  1070     1069     0.199      -1.881     3.796     11.7     R1        0
  1071     1070     0.198      -1.854     4.142     12       R2        0
  1072     1071     0.198      -1.748     4.466     12.4     R2        0
  1073     1072     0.297      -1.42      4.734     12.6     R2        0
  1074     1066     0.297      -1.587     3.041     10.4     R2        0
  1075     1074     0.396      -1.866     3.169     10.8     R2        0
  1076     1075     0.495      -2.088     3.349     11.2     R1        0
  1077     1076     0.495      -2.307     3.531     11.6     R1        0
  1078     1077     0.495      -2.581     3.648     12       R2        0
  1079     1078     0.396      -2.84      3.787     12.4     R2        0
  1080      608     0.792      -1.451     2.2       8.45     R2        0
  1081     1080     0.495      -1.637     2.413     8.85     R2        0
  1082     1081     0.495      -1.878     2.569     9.25     R2        0
# 1083     1082     0.297      -2.2       2.618     9.65     R2        0
# 1084     1083     0.297      -2.531     2.65      10       R2        0
# 1085     1084     0.396      -2.78      2.782     10.4     R2        0
# 1086     1085     0.495      -2.849     3.067     10.8     R2        0
# 1087     1086     0.297      -2.878     3.289     11.2     R2        0
# 1088     1087     0.297      -3.025     3.314     11.7     R2        0
# 1089     1088     0.396      -3.225     3.314     12.1     R2        0
# 1090     1089     0.299      -3.313     3.314     12.6     R2        0
#  1091      607     0.396      -1.115     2.414     8        R2        0
#  1092     1091     0.198      -0.9534    2.667     8.35     R2        0
#  1093     1092     0.198      -0.8955    3.033     8.7      R2        0
#  1094     1093     0.299      -0.689     3.446     8.8      R2        0
#  1095     1094     0.297      -0.2277    3.612     8.8      R2        0
#  1096     1095     0.396      0.2331     3.764     8.7      R2        0
#  1097     1096     0.396      0.5663     3.798     8.45     R2        0
#  1098     1097     0.495      0.9103     3.823     8.1      R2        0
#  1099     1098     0.396      1.189      3.929     7.7      R2        0
#  1100     1099     0.495      1.415      4.105     7.3      R2        0
#  1101     1100     0.891      1.657      4.26      6.9      R2        0
#  1102     1096     0.396      0.2515     3.765     8.75     R2        0
#  1103     1102     0.495      0.7227     3.789     8.8      R2        0
#  1104     1103     0.495      1.217      3.797     8.8      R2        0
#  1105     1104     0.594      1.688      3.837     8.65     R2        0
#  1106     1105     0.396      2.13       4.023     8.6      R2        0
#  1107      604     0.891      -1.183     1.636     6.45     R2        0
#  1108     1107     0.891      -1.129     2.008     6.75     R2        0
#  1109     1108     0.495      -0.8583    2.342     7        R2        0
#  1110     1109     0.297      -0.4732    2.603     7.15     R2        0
#  1111      602     0.693      -1.183     1.501     6.1      R2        0
#  1112     1111     0.891      -1.213     1.848     6.45     R2        0
#  1113     1112     0.792      -1.318     2.119     6.85     R2        0
#  1114     1113     0.297      -1.481     2.307     7.25     R2        0
#  1115     1114     0.198      -1.722     2.37      7.7      R2        0
#  1116     1115     0.396      -2.058     2.378     8.05     R2        0
#  1117     1116     0.396      -2.398     2.405     8.4      R2        0
#  1118     1117     0.297      -2.69      2.522     8.8      R2        0
#  1119     1118     0.299      -3.076     2.603     9.05     R2        0
#  1120        0     2.66       0          0.09553   0.1     SOMA       0
#  1121     1120     3.358      0.05099    0.4168    0.45    SOMA       0
#  1122     1121     3.48       0.1609     0.7232    0.85    SOMA       0
#  1123     1122     3.271      0.2381     1.203     1.2     SOMA       0
#  1124     1123     2.805      0.3589     1.452     1.55    SOMA       0
#  1125     1124     2.382      0.5737     1.844     1.85    SOMA       0
#  1126     1125     2.477      0.7598     2.262     1.9     SOMA       0
#  1127      248     0.3033     3.888      -1.009    -19.5    R6        0
#  1128     1127     0.3295     4.259      -0.6133   -19.5    R6        0
#  1129     1128     0.2591     4.816      -0.6628   -19.6    R6        0
  1130      288     0.3197     1.223      6.188     -31.4    R7        0
  1131     1130     0.668      1.065      6.512     -31.4    R7        0
  1132     1131     0.5968     0.8489     6.756     -31.6    R7        0
  1133     1132     0.2159     0.15       6.71      -32      R7        0
  1134     1133     0.297      0.08415    6.981     -32.4    R7        0
  1135     1134     0.5409     0.3925     7.33      -32.6    R7        0
  1136     1135     0.6427     0.9717     7.67      -32.8    R7        0
  1137     1136     0.3285     1.116      7.981     -32.9    R8        0
#  1138       82     0.297      -3.41      0.2995    -33.2    R7        0
#  1139     1138     0.594      -3.804     0.393     -33.2    R7        0
#  1140     1139     0.594      -4.29      0.4727    -33.2    R7        0
#  1141     1140     0.6316     -4.769     0.4252    -33.1    R7        0
#  1142     1141     0.2571     -5.087     0.3787    -32.8    R7        0
#  1143     1142     0.3889     -5.529     0.3534    -32.5    R7        0
#  1144     1143     0.6135     -5.921     0.3148    -32.3    R7        0
#  1145     1144     0.1371     -6.158     0.2569    -32.2    R7        0
  1146       84     0.693      -3.692     0.1435    -33.5    R7        0
  1147     1146     0.8807     -4.008     0.5173    -33.6    R7        0
  1148     1147     0.8404     -4.549     0.8544    -33.8    R7        0
  1149     1148     0.692      -4.39      1.27      -34.1    R7        0
  1150     1149     0.3978     -4.261     1.513     -34.2    R7        0
  1151     1150     0.7325     -3.865     1.747     -34.5    R7        0
  1152     1151     0.7191     -3.313     1.657     -34.9    R7        0
  1153     1152     0.155      -3.157     1.593     -34.9    R8        0
  1154       57     0.6401     0.299      -1.441    -24.4    R7        0
  1155     1154     0.7106     0.1901     -1.163    -24.7    R7        0
  1156     1155     0.7178     0.04455    -0.9143   -25.1    R7        0
  1157     1156     0.594      -0.1708    -0.7281   -25.5    R7        0
  1158     1157     0.594      -0.4415    -0.6039   -25.9    R7        0
  1159     1158     0.7847     -0.6801    -0.4356   -26.3    R7        0
  1160     1159     0.9882     -0.9242    -0.2574   -26.7    R7        0
  1161     1160     0.594      -1.282     -0.1534   -27      R7        0
  1162     1161     0.671      -1.654     0.1015    -27.3    R7        0
  1163     1162     0.744      -2.137     -0.1485   -27.5    R7        0
  1164     1163     0.4678     -2.276     -0.7064   -27.6    R7        0
  1165     1164     0.3052     -2.581     -1.059    -27.7    R7        0
  1166     1165     0.4503     -2.805     -1.462    -27.9    R7        0
  1167     1166     0.3213     -2.97      -1.806    -28.2    R7        0
  1168     1167     0.5787     -3.11      -2.132    -28.5    R7        0
  1169     1168     0.7022     -3.402     -2.49     -28.8    R7        0
  1170     1169     1.154      -3.429     -2.993    -29      R7        0
  1171     1170     0.902      -3.305     -3.49     -29.1    R7        0
  1172     1171     0.5493     -3.277     -4.004    -29.2    R8        813
  1173     1172     0.5682     -3.068     -4.301    -28.7    R7        0
  1174     1173     0.5932     -2.801     -4.496    -28.4    R7        0
  1175     1174     0.4185     -2.383     -4.77     -28.4    R7        0
  1176     1175     0.3936     -2.19      -4.938    -28.2    R7        0
  1177     1176     0.09047    -2.064     -5.099    -28.2    R8        0
  1178      241     0.3732     2.177      -2.738    -19.1    R7        0
  1179     1178     0.2865     2.292      -3.385    -19.1    R7        0
