columns:	gca	gcb	gcaoff	gcboff	sbac	dsgc	aii	dbp1	ha	cone

#Na 1.2 channel parameters 
NA2.offm:	0.001	0.001	0.001	0.001	0.015	0.0025	0.000	0.00	0.0	0.0
NA2.offh:	0.001	0.001	0.001	0.001	0.015	0.0025	0.000	0.00	0.0	0.0
NA2.taua:	1	1	1	1	1	1	2	1	1	1
NA2.taub:	1	1	1	1	1	1	2	1	1	1
NA2.tauc:	1	1	1	1	1	1	2	1	1	1
NA2.taud:	1	1	1	1	1	1	2	1	1	1

#Na 1.1 channel parameters
NA5.offm:	0.000	0.000	0.000	0.000	0.000	0.000	0.000   -0.012 	0.0	0.0
NA5.offh:	0.000	0.000	0.000	0.000	0.000	0.000	0.000	-0.012 	0.0	0.0
NA5.taua:	1	1	1	1	1	1	1	1.2 	1	1
NA5.taub:	1	1	1	1	1	1	1	1.2 	1	1
NA5.tauc:	150	150	150	150	1	150	150	1.2   	1	1
NA5.taud:	300	300	300	300	1	300	300	1.2   	1	1

#Na 1.6 channel parameters
NA6.offm:	0.000	0.000	0.000	0.000	0.000	0.0045	0.000	0.0045	0.0	0.0
NA6.offh:	0.000	0.000	0.000	0.000	0.000	0.0045	0.000	0.0045	0.0	0.0
NA6.taua:	1	1	1	1	1	1	1	1	1	1
NA6.taub:	1	1	1	1	1	1	1	1	1	1
NA6.tauc:	1	1	1	1	1	1	1	1	1	1
NA6.taud:	1	1	1	1	1	1	1	1	1	1

#Na 1.8 channel parameters
NA8.offm:	0.000	0.000	0.000	0.000	0.010	0.0045	0.000	0.0045	0.0	0.0
NA8.offh:	0.000	0.000	0.000	0.000	0.010	0.0045	0.000	0.0045	0.0	0.0
NA8.taua:	1	1	1	1	1	1	1	1	1	1
NA8.taub:	1	1	1	1	1	1	1	1	1	1
NA8.tauc:	1	1	1	1	1	1	1	1	1	1
NA8.taud:	1	1	1	1	1	1	1	1	1	1

#Kdr channel parameters
K1.offm:	0.022	0.022	0.022	0.022	0.024	0.017	0.010	0.010	0.0	0.0
K1.taua:	2.5	2.5	2.5	2.5	2.0	2.5	3	5  	0.0	0.0
K1.taub:	2.5	2.5	2.5	2.5	2.0	2.5	3	5  	1	1
K1.tauc:	1	1	1	1	1	1	3	1	1	1
K1.taud:	1	1	1	1	1	1	3	1	1	1

#KA channel parameters
K2.offm:	0.010	0.010	0.010	0.010	0.000	0.010	0.000	0.010	0.0	0.0
K2.offh:	0.010	0.010	0.010	0.010	0.000	0.010	0.000	0.010	0.0	0.0
K2.taua:	1	1	1	1	1	1	1	1	1	1
K2.taub:	1	1	1	1	1	1	1	1	1	1
K2.tauc:	1	1	1	1	1	1	1	1	1	1
K2.taud:	1	1	1	1	1	1	1	1	1	1

#KA channel parameters
K3.offm:	0.010	0.010	0.010	0.010	0.000	0.010	0.000	0.010	0.0	0.0
K3.offh:	0.010	0.010	0.010	0.010	0.000	0.010	0.000	0.010	0.0	0.0
K3.taua:	1	1	1	1	1	1	1	1	1	1
K3.taub:	1	1	1	1	1	1	1	1	1	1
K3.tauc:	1	1	1	1	1	1	1	1	1	1
K3.taud:	1	1	1	1	1	1	1	1	1	1

#Ih channel parameters
K4.offm:	0.010	0.010	0.010	0.010	0.000	0.000	0.000	-0.005	0.0	0.0
K4.offh:	0.010	0.010	0.010	0.010	0.000	0.000	0.000	-0.005	0.0	0.0
K4.taua:	1.5	1.5	1.5	1.5	1	1	1	0.5	1	1
K4.taub:	1	1	1	1	1	1	1	0.5	1	1
K4.tauc:	1	1	1	1	1	1	1	1	1	1
K4.taud:	1	1	1	1	1	1	1	1	1	1

#Khz channel parameters
K5.offm:	0.010	0.010	0.010	0.010	0.000	0.000	0.000	0.000	0.010	0.005
K5.offh:	0.010	0.010	0.010	0.010	0.000	0.000	0.000	0.000	0.010	0.005
K5.taua:	1	1	1	1	1	1	1	1	0.25	0.25
K5.taub:	1	1	1	1	1	1	1	1	0.25	0.25
K5.tauc:	1	1	1	1	1	1	1	1	1	1
K5.taud:	1	1	1	1	1	1	1	1	1	1

#Kv3 channel parameters
K6.offm:	0.000	0.000	0.000	0.000	0.000	0.000	0.000	0.005	0.0	0.0
K6.taua:	1  	1	1	1	1	1	1	25  	1	1
K6.taub:	1  	1	1	1	1	1	1	25  	1	1
K6.tauc:	1	1	1	1	1	1	1	1	1	1
K6.taud:	1	1	1	1	1	1	1	1	1	1

#Kv3b channel parameters
K7.offm:	0.000	0.000	0.000	0.000	0.000	0.000	0.000	0.005	0.0	0.0
K7.taua:	1  	1	1	1	1	1	1	100 	1	1
K7.taub:	1  	1	1	1	1	1	1	100 	1	1
K7.tauc:	1	1	1	1	1	1	1	1	1	1
K7.taud:	1	1	1	1	1	1	1	1	1	1

#bKCa channel parameters
KCA3.offm:	-0.06	-0.06	0.060	0.060	0.000	-0.050	0.000	-0.050	0.0	0.0
KCA3.taua:	1	1	1	1	1	1	1	1	1	1
KCA3.taub:	1	1	1	1	1	1	1	1	1	1
KCA3.tauc:	1	1	1	1	1	1	1	1	1	1
KCA3.taud:	1	1	1	1	1	1	1	1	1	1

#ClCa channel parameters
CLCA1.offm:	0.000	0.000	0.000	0.000	0.000	0.000	0.000	0.000	0.0	0.0
CLCA1.offh:	0.000	0.000	0.000	0.000	0.000	0.000	0.000	0.000	0.0	0.0
CLCA1.taua:	1	1	1	1	1	1	1	1	1	1.0
CLCA1.taub:	1	1	1	1	1	1	1	1	1	1
CLCA1.tauc:	1	1	1	1	1	1	1	1	1	1
CLCA1.taud:	1	1	1	1	1	1	1	1	1	1

#ClCa channel parameters
CLCA2.offm:	0.000	0.000	0.000	0.000	0.000	0.000	0.000	0.000	0.0	0.0
CLCA2.offh:	0.000	0.000	0.000	0.000	0.000	0.000	0.000	0.000	0.0	0.0
CLCA2.taua:	1	1	1	1	1	1	1	1	1	1.0
CLCA2.taub:	1	1	1	1	1	1	1	1	1	1
CLCA2.tauc:	1	1	1	1	1	1	1	1	1	1
CLCA2.taud:	1	1	1	1	1	1	1	1	1	1

#Ca channel parameters
CA0.offm:	-0.005	-0.005	-0.005	-0.005	-0.002	-0.005	-0.002	-0.005	0.0    -0.015
CA0.offh:	-0.005	-0.005	-0.005	-0.005	-0.002	-0.005	-0.002	-0.005	0.0	0.0
CA0.taua:	1	1	1	1	1	1	1	1	1	1
CA0.taub:	1	1	1	1	1	1	1	1	1	1
CA0.tauc:	1	1	1	1	1	1	1	1	1	1
CA0.taud:	1	1	1	1	1	1	1	1	1	1

#Ca channel parameters
CA1.offm:	-0.005	-0.005	-0.005	-0.005	-0.002	-0.005	-0.002	-0.005	0.0    -0.015
CA1.offh:	-0.005	-0.005	-0.005	-0.005	-0.002	-0.005	-0.002	-0.005	0.0	0.0
CA1.taua:	1	1	1	1	1	1	1	1	1	1
CA1.taub:	1	1	1	1	1	1	1	1	1	1
CA1.tauc:	1	1	1	1	1	1	1	1	1	1
CA1.taud:	1	1	1	1	1	1	1	1	1	1

#Ca5 channel parameters
CA5.offm:	0.000	0.000	0.000	0.000	0.000	0.010	0.000	-0.010	0.0	0.0
CA5.offh:	0.000	0.000	0.000	0.000	0.000	0.010	0.000	-0.010	0.0	0.0
CA5.taua:	1	1	1	1	1	1	1	1.8	1	1
CA5.taub:	1	1	1	1	1	1	1	1.8	1	1
CA5.tauc:	1	1	1	1	1	1	1	1.8	1	1
CA5.taud:	1	1	1	1	1	1	1	1.8	1	1

#Ca6 channel parameters
CA6.offm:	0.000	0.000	0.000	0.000	0.000	0.010	0.000 -0.010 	0.0	0.0
CA6.offh:	0.000	0.000	0.000	0.000	0.000	0.010	0.000  0.010 	0.0	0.0
CA6.taua:	1	1	1	1	1	1	1	1	1	1
CA6.taub:	1	1	1	1	1	1	1	1	1	1
CA6.tauc:	1	1	1	1	1	1	1	1	1	1
CA6.taud:	1	1	1	1	1	1	1	1	1	1

#Ca7 channel parameters
CA7.offm:	0.000	0.000	0.000	0.000	0.000	0.010	0.000  0.000 	0.0	0.0
CA7.offh:	0.000	0.000	0.000	0.000	0.000	0.010	0.000  0.000 	0.0	0.0
CA7.taua:	1	1	1	1	1	1	1	1	1	1
CA7.taub:	1	1	1	1	1	1	1	1	1	1
CA7.tauc:	1	1	1	1	1	1	1	1	1	1
CA7.taud:	1	1	1	1	1	1	1	1	1	1

