#  Michael's beta cell  1997 April 10
#  "beta8"
#
#  Reconstructed Apr, 1997 by Tina Geueke
#
#    ( Original dia calibration 1 unit (cm)  = 3.33 um )
#    ( Original (X,Y) calibration 100 um = 3480 units )
#
#  Converted to um by RGS, March, 1999,
#   using this script: 
#
#     awk "{printf (\"%8g %8g %8.3g %8.3g %8.3g %8.3g %8s\n\",
#     \$1,\$2,\$3*3.33334,\$4/34.8,\$5/34.8,\$6,\$7);}" $1
#
#
#  Axon modified for ath_dia variable at AXON_THIN segment.
#   RGS 3/2001
#
#    node     parent   dia      xbio     ybio    zbio     region
#
       0        0       21        0        0      -25     SOMA
       1        0     2.17       21    -2.47       -8     DEND_PROX
       2        1    0.833     22.8   0.0287       -5     DEND
       3        2     1.33     23.3    0.776        0     DEND
       4        3      0.5     23.9     6.32        0     DEND
       5        4      1.5     23.1     7.67        0     DEND
       6        5    0.333     18.2     16.3        0     DEND
     887        6     1.67     17.8     16.8        0     DEND
     888        6    0.333     15.9     15.6        0     DEND
     889      888     1.33     15.5     15.5        0     DEND
     890      887    0.333     22.6     19.7        0     DEND
     891      890     1.67     23.4     20.7        0     DEND
     892        7     1.67     26.9     25.1        0     DEND
       7      891    0.333     26.4     24.3        0     DEND
       8      892    0.333     21.8     30.6        0     DEND
       9        8        1     21.1     31.2        0     DEND
      10        9      0.5     16.5     34.5        0     DEND
      11        5      0.5     25.2     9.83        0     DEND
      12       11    0.567     25.6     9.97        0     DEND
      13       12      0.5     28.7       12        0     DEND
      14       13      1.5     29.5     12.5        0     DEND
      15      892    0.333     30.6     24.4        0     DEND
      16       15     1.33     31.2     24.9        0     DEND
      17        1     2.17     26.8    -4.68       -5     DEND_PROX
      18       17    0.667     30.2    -2.59        0     DEND
      19       18    0.333     30.4    -1.32        0     DEND
      20       19    0.833     30.4    -0.46        0     DEND
      21       18        1     37.1    -3.19        0     DEND
      22       21     1.33     39.1     -3.1        0     DEND
      23       22    0.333     44.1     3.65        0     DEND
      24       23     1.83       44     5.17        0     DEND
      25       24      0.5     43.4     9.02        0     DEND
      26       22    0.667     48.9    -3.07        0     DEND
      27       26     1.67     50.9       -5        0     DEND
      28       27    0.333     54.1    -5.46        0     DEND
      29       28    0.667     54.7    -5.09        0     DEND
      30       29    0.333     57.2    -6.09        0     DEND
      31      893    0.333       60    -10.5        0     DEND
      32       30    0.333     72.6    -1.09        0     DEND
     893       30        1     58.2    -5.92        0     DEND
     894       31    0.667     59.6    -10.6        0     DEND
      33       32     1.33       74    -1.58        0     DEND
      34       33      0.5     78.9    -2.99        0     DEND
      35       34     1.17     80.1    -3.16        0     DEND
      36       35    0.333       82    -3.28        0     DEND
      37       36     1.83       83    -4.37        0     DEND
      38       37      0.5     85.5    -4.97        0     DEND
      39       27    0.333     51.3    -1.35        0     DEND
      40       39     1.17     52.5   -0.431        0     DEND
      41       40    0.333     53.9    0.489        0     DEND
      42       41     1.83     54.7     1.01        0     DEND
      43      898    0.333     65.5     8.19        0     DEND
     895       42    0.333     57.8     3.33        0     DEND
     896      895     1.33     58.2     3.68        0     DEND
     897      896    0.333     61.3     5.26        0     DEND
     898      897     1.33     61.8     5.37        0     DEND
      44       43     1.67     66.6     8.65        0     DEND
      45       44    0.333     70.5     7.61        0     DEND
      46       45    0.833     71.6     7.44        0     DEND
      47       46      0.5     74.4      6.9        0     DEND
      48       47     1.17     74.7      5.8        0     DEND
      49       43    0.333     67.6     10.5        0     DEND
      50       49     1.33     68.2     11.4        0     DEND
      51       50    0.333     69.2     13.9        0     DEND
      52       51      1.5     69.7     15.1        0     DEND
      53       52    0.333     68.6     20.1        0     DEND
      54       53    0.667     67.6       21        0     DEND
      55       54    0.333     63.4     23.1        0     DEND
      56       55     1.67     62.3     24.2        0     DEND
      57       56      0.5     58.9     29.1        0     DEND
      58       57     1.33       58     29.8        0     DEND
      59       58    0.333     59.9     46.4        0     DEND
      60       17     2.33     23.2    -10.2       -6     DEND_PROX
      61       60      0.5     12.8    -17.4       -2     DEND
      62       61        1     12.4    -17.9        0     DEND
      63       60      2.5     25.5    -13.6       -5     DEND_PROX
      64      271     1.33     21.4    -37.9        0     DEND_PROX
      65       64      0.5     24.2    -39.6        0     DEND
      66       65     1.33     24.5    -40.2        0     DEND
      67       66    0.667     26.1    -43.8        0     DEND
      68      899    0.333     27.9    -46.7        0     DEND
     899       67        2     26.2    -44.3        0     DEND
      69       68     1.33     28.9    -47.8        0     DEND
      70       69    0.333     33.5      -50        0     DEND
      71       70        1     35.3    -50.6        0     DEND
      72       71    0.333     37.4    -51.4        0     DEND
      73       72    0.833       38      -52        0     DEND
      74       73    0.333     39.6    -54.8        0     DEND
      75       74        1     39.7    -55.7        0     DEND
      76       63     1.67     40.9      -23        0     DEND
      77       76    0.333     40.8    -24.8        0     DEND
      78       77     1.33     40.7    -25.8        0     DEND
      79       78    0.333     38.9    -28.5        0     DEND
      80       79    0.833       38    -28.7        0     DEND
      81       80    0.333     35.6    -30.8        0     DEND
      82       81     1.33     33.1    -32.5        0     DEND
      83       82    0.333     31.5    -41.6        0     DEND
      84       83        1     32.1    -43.1        0     DEND
      85       84    0.333     36.3    -51.3        0     DEND
      86       85        1     37.6    -53.6        0     DEND
      87       86    0.333       39    -56.9        0     DEND
      88       87        1       40    -57.1        0     DEND
      89       88    0.333     42.3    -58.3        0     DEND
      90       89     1.83     43.6    -60.1        0     DEND
      93       90    0.333     46.7    -63.4        0     DEND
      94       93      0.5     47.6    -64.2        0     DEND
      95       94    0.333     49.3    -64.9        0     DEND
      96       95      0.5     50.2    -64.6        0     DEND
      97       96    0.667     56.2    -61.2        0     DEND
      98       97     2.33     57.8    -61.5        0     DEND
      99       98    0.667     68.3    -63.1        0     DEND
     100       99     1.33     69.5      -64        0     DEND
     900      100      0.5     72.3    -69.7        0     DEND
     901      900        1     72.9    -70.8        0     DEND
     101      901    0.333     76.3    -73.1        0     DEND
     102      101     1.83     76.7    -73.7        0     DEND
     103      102    0.333     82.8      -80        0     DEND
     104      102    0.333     77.6    -78.6        0     DEND
     105      104        1     77.3      -79        0     DEND
     106      105    0.333     77.4    -80.4        0     DEND
     107      106        1     77.4    -81.5        0     DEND
     902      107      0.5     78.3    -93.4        0     DEND
     903      902      1.5     78.2    -94.2        0     DEND
     904      903    0.333     77.4    -97.6        0     DEND
     108       96      0.5     55.4    -68.6        0     DEND
     109      108     1.33     57.2    -70.1        0     DEND
     112      109    0.333     68.1    -75.5        0     DEND
     113      112        1     68.5    -76.4        0     DEND
     114      113    0.333     69.2    -80.4        0     DEND
     115      114     1.33     68.5    -82.5        0     DEND
     116      115    0.333     68.4    -86.2        0     DEND
     117      116     1.33     68.2    -87.5        0     DEND
     118      117    0.333     69.1    -96.6        0     DEND
     119      118     1.33     69.3    -97.8        0     DEND
     120      119    0.333     68.6     -101        0     DEND
     121      120     1.33     68.4     -102        0     DEND
     123      899    0.333     27.4    -49.3        0     DEND
     124      123        1     28.4    -50.7        0     DEND
     125      124    0.333     32.9    -54.8        0     DEND
     126      125        1     33.2    -55.8        0     DEND
     127      126    0.333     33.1    -58.1        0     DEND
     128      127     1.33     34.2    -59.8        0     DEND
     147      128    0.333     36.8    -63.2        0     DEND
     148      147        1     37.1      -64        0     DEND
     129      148    0.333     40.5    -84.2        0     DEND
     130      129        1       42    -85.5        0     DEND
     131      130     1.67     44.7    -94.6        0     DEND
     132      131    0.667     44.8    -96.7        0     DEND
     133      132    0.333     45.5    -99.7        0     DEND
     134      133    0.333     47.1     -101        0     DEND
     135      133    0.333       45     -101        0     DEND
     136      135     1.67     44.1     -104        0     DEND
     137      136    0.333     44.8     -109        0     DEND
     138      137    0.667     45.6     -110        0     DEND
     139      138      0.5     50.6     -116        0     DEND
     140      139    0.833     51.3     -118        0     DEND
     141      140    0.667     52.2     -119        0     DEND
     142      141     1.17     52.6     -121        0     DEND
     143      142      0.5     53.6     -125        0     DEND
     144      143     1.83     53.6     -126        0     DEND
     905      144      0.5     56.2     -126        0     DEND
     906      905    0.833       56     -127        0     DEND
     907      906    0.417       56     -128        0     DEND
     908      907     1.83     56.1     -128        0     DEND
     909      908    0.333       58     -129        0     DEND
     910      909        2       59     -130        0     DEND
     911      908    0.333     53.8     -130        0     DEND
     912      911        1     52.8     -131        0     DEND
     145      138    0.333     41.1     -113        0     DEND
     146      145      0.5     40.8     -114        0     DEND
     149       76     2.17     45.3    -20.3        0     DEND_PROX
     150      149    0.333     46.3    -17.2        0     DEND
     151      150     1.33       46    -16.6        0     DEND
     152      149    0.333     53.9    -15.3        0     DEND
     153      152        1     54.5    -14.9        0     DEND
     156      153      0.5     56.2    -16.6        0     DEND
     157      153      0.5     51.1    -22.8        0     DEND
     158      149        3     49.5    -26.2        0     DEND_PROX
     159      158        1       47    -34.2        0     DEND
     161      158      0.5     53.9      -22        0     DEND
     162      158    0.833     55.1    -27.8        0     DEND
     163      162     2.33     56.8    -28.3        0     DEND
     164      163    0.567     59.5    -25.6        0     DEND
     165      164        2     60.9    -23.3        0     DEND
     167      165    0.333     62.1    -19.4        0     DEND
     168      167    0.833     62.3    -18.9        0     DEND
     169      165    0.667     70.8    -24.4        0     DEND
     170      169     1.33     72.8    -24.6        0     DEND
     171      170      0.5     78.6    -20.2        0     DEND
     172      171      1.5     80.5      -20        0     DEND
     173      172      0.5     87.6    -27.1        0     DEND
     174      173        1     87.9    -28.2        0     DEND
     175      172    0.667     83.1    -15.7        0     DEND
     176      175        1     83.7    -14.9        0     DEND
     177      176      0.5     87.2      -14        0     DEND
     178      177        1     88.2    -13.9        0     DEND
     179      178      0.5     90.9      -13        0     DEND
     180      179        1     91.6    -12.3        0     DEND
     181      180      0.5     93.3    -11.6        0     DEND
     182      181        1     94.1    -10.9        0     DEND
     183      182    0.333     95.3    -9.89        0     DEND
     184      183        1       97     -7.3        0     DEND
     185      184    0.333      104    -3.56        0     DEND
     186      185    0.667      105    -3.74        0     DEND
     187      186    0.333      106    -2.79        0     DEND
     188      187     1.33      108   -0.891        0     DEND
     189      188    0.333      109     1.52        0     DEND
     190      189        1      108     2.53        0     DEND
     191      190    0.333      105     5.86        0     DEND
     192      191     1.33      104     8.02        0     DEND
     193      192    0.333      103     14.2        0     DEND
     194      193        1      103       15        0     DEND
     195      194    0.333      102     18.8        0     DEND
     196      195     1.67      101     20.1        0     DEND
     197      196    0.333      100       22        0     DEND
     199      163    0.667     61.5    -34.7        0     DEND
     200      199     1.67     62.8    -36.8        0     DEND
     201      200    0.333     61.9    -38.7        0     DEND
     202      201    0.833     61.4    -39.8        0     DEND
     203      202    0.333       62    -41.7        0     DEND
     204      203        1     62.1    -42.8        0     DEND
     205      204    0.333       62    -44.6        0     DEND
     206      204    0.667     61.5    -45.3        0     DEND
     207      206    0.333       63    -46.6        0     DEND
     208      207        1     64.1    -47.5        0     DEND
     209      208    0.333     67.3    -49.3        0     DEND
     210      209     1.33     67.8    -49.9        0     DEND
     211      210    0.333       71    -53.2        0     DEND
     212      211      0.5     71.6    -53.5        0     DEND
     213      212    0.333     76.8    -55.2        0     DEND
     214      213      0.5     77.7    -55.4        0     DEND
     215      200    0.333       67    -38.2        0     DEND
     216      215    0.667     68.1    -38.3        0     DEND
     217      216    0.333     68.9    -36.4        0     DEND
     218      216    0.333     69.6    -40.5        0     DEND
     219      218        1     69.7    -41.7        0     DEND
     220      219    0.333     77.6    -44.3        0     DEND
     221      220    0.667     79.3    -45.5        0     DEND
     222      221    0.333     88.4    -50.4        0     DEND
     223      222     1.67     89.2    -51.3        0     DEND
     224      223    0.333     96.4    -55.9        0     DEND
     913      223    0.333     90.7    -52.1        0     DEND
     914      913    0.667     91.5    -52.6        0     DEND
     915      914    0.333     93.7    -54.3        0     DEND
     916      915    0.833     94.6    -54.9        0     DEND
     917      170    0.333     74.8    -26.8        0     DEND
     918      917        1     75.2    -27.1        0     DEND
     225      224     1.33     97.3    -56.3        0     DEND
     226      918    0.333     77.6    -29.2        0     DEND
     227      226     1.67     81.4    -30.3        0     DEND
     228      227      0.5     83.7    -32.9        0     DEND
     229      228    0.833     84.4    -33.3        0     DEND
     230      229    0.333     87.1    -33.5        0     DEND
     231      230     1.67     89.7    -34.5        0     DEND
     232      231    0.667      101    -39.4        0     DEND
     233      232     1.17      103    -40.2        0     DEND
     234      233    0.333      104    -40.2        0     DEND
     235      234     1.17      106    -40.6        0     DEND
     236      235    0.333      112    -42.6        0     DEND
     237      236    0.667      113    -42.7        0     DEND
     238      206    0.333     60.6    -51.3        0     DEND
     239      238    0.667     61.6    -52.5        0     DEND
     240      239    0.333     63.1    -54.5        0     DEND
     241      240    0.667     64.5      -55        0     DEND
     242      241    0.333     68.3      -57        0     DEND
     243      242    0.667     68.7      -58        0     DEND
     244      243    0.333     70.4    -62.4        0     DEND
     245      244        1     70.8    -63.1        0     DEND
     247      159    0.333     46.3    -37.3        0     DEND
     248      247        1       47      -39        0     DEND
     249      248    0.333     46.7    -42.8        0     DEND
     250      249        2     46.9    -44.2        0     DEND
     251      250      0.5     46.3    -50.2        0     DEND
     252      251        1     46.6    -51.3        0     DEND
     253      252    0.333     44.9    -53.8        0     DEND
     254      253        1     44.7    -54.9        0     DEND
     255      252    0.667     52.8    -54.7        0     DEND
     256      255        1     52.6      -56        0     DEND
     257      256    0.333     52.5    -58.4        0     DEND
     258      257        1     52.4    -59.6        0     DEND
     259      256    0.333     55.4    -54.6        0     DEND
     260      259     1.33     56.4    -54.5        0     DEND
     261      260    0.333     58.9    -53.2        0     DEND
     262      261    0.667     59.6      -53        0     DEND
     263      248    0.333     50.3      -43        0     DEND
     264      263     1.33     50.5    -44.3        0     DEND
     265      264    0.333     51.7    -50.1        0     DEND
     266      265        1     52.3    -51.3        0     DEND
     267      266    0.333     52.6    -53.9        0     DEND
     268      267        1     52.7    -54.8        0     DEND
     269      268    0.333     52.9    -57.5        0     DEND
     270      269     1.33     53.2    -58.5        0     DEND
     271       63     1.83     19.8    -26.3        0     DEND_PROX
     273       64        1     19.5    -43.1        0     DEND
     274      273        2     19.4    -45.1        0     DEND
     275      274      0.5     16.7    -47.7        0     DEND
     276      275     1.67     16.1    -48.6        0     DEND
     277      276    0.333     17.4    -49.1        0     DEND
     278      277    0.667     17.8    -49.6        0     DEND
     279      276      0.5       13    -55.7        0     DEND
     280      279     1.33     12.3    -56.4        0     DEND
     281      276    0.333     13.7    -50.2        0     DEND
     282      281     1.67     12.6    -50.8        0     DEND
     919      282    0.333     11.1    -51.6        0     DEND
     920      919    0.667     10.9    -52.1        0     DEND
     921      920    0.333     10.6      -54        0     DEND
     922      921    0.667     10.3    -54.4        0     DEND
     283      282    0.333     7.39    -56.9        0     DEND
     284      283        2     6.44    -58.2        0     DEND
     285      284    0.333   -0.345    -64.1        0     DEND
     286      285        1   -0.661    -65.1        0     DEND
     287      280    0.333     14.1    -57.8        0     DEND
     288      287     1.17       15    -58.3        0     DEND
     289      288    0.333     17.7    -59.3        0     DEND
     290      289      1.5     18.3    -60.1        0     DEND
     291      290    0.333     19.8    -63.4        0     DEND
     292      291        1     19.7    -64.3        0     DEND
     293      292    0.333     20.5    -67.9        0     DEND
     294      293      1.5     20.8    -68.6        0     DEND
     295      294    0.333       21    -72.5        0     DEND
     296      295     1.83     20.9    -73.8        0     DEND
     297      296      0.5       22    -80.3        0     DEND
     298      297    0.333     21.9    -81.4        0     DEND
     299      396     1.67    -7.13    -26.8        0     DEND_PROX
     300      299      0.5    -9.22    -26.4        0     DEND
     301      300        1    -9.89    -26.4        0     DEND
     302      301      0.5    -13.1    -28.1        0     DEND
     303      302        1    -13.7    -28.5        0     DEND
     304      303    0.333    -16.7    -29.4        0     DEND
     305      304        1    -17.5    -29.8        0     DEND
     306      305    0.333    -22.7    -30.1        0     DEND
     307      306    0.833    -26.1    -30.1        0     DEND
     308      307    0.333    -27.6    -29.6        0     DEND
     309      308     1.33    -29.1    -31.1        0     DEND
     310      309    0.333    -32.5    -33.2        0     DEND
     311      310        1    -34.7      -33        0     DEND
     312      311    0.333    -36.6    -34.5        0     DEND
     313      312        1    -39.3    -34.2        0     DEND
     314      313    0.333    -43.3    -33.4        0     DEND
     315      314    0.667    -44.8    -32.5        0     DEND
     316      315    0.333    -47.6    -31.5        0     DEND
     317      316      0.5    -49.3    -31.5        0     DEND
     318      317    0.333    -54.6    -28.7        0     DEND
     319      318    0.583    -56.5    -28.1        0     DEND
     320      319    0.333    -63.9    -21.4        0     DEND
     321      320      0.5    -65.5    -20.5        0     DEND
     322      319    0.333    -61.6    -28.6        0     DEND
     323      322    0.667    -62.8      -28        0     DEND
     324      323    0.333    -67.2      -27        0     DEND
     325      324    0.667    -68.4    -26.7        0     DEND
     326      325    0.333    -71.6    -23.4        0     DEND
     327      326    0.667    -74.2    -22.6        0     DEND
     328      327    0.333    -77.5    -20.7        0     DEND
     329      328    0.667    -78.9    -20.2        0     DEND
     330      329    0.333    -81.9    -18.7        0     DEND
     331      330      0.5    -82.9    -18.1        0     DEND
     332      331    0.333    -84.6    -17.6        0     DEND
     333      332      0.5    -85.5    -18.2        0     DEND
     334      333    0.333    -85.2    -22.2        0     DEND
     335      334    0.583    -85.4    -23.1        0     DEND
     336      299     1.67    -5.63    -34.2        0     DEND_PROX
     337      336      0.5    -3.19    -34.8        0     DEND
     338      337    0.667    -1.44    -37.5        0     DEND
     339      338      0.5    -0.92    -37.5        0     DEND
     340      339     1.17   -0.115    -41.6        0     DEND
     341      340      0.5     1.41    -45.8        0     DEND
     342      341        1     2.61    -46.2        0     DEND
     343      342    0.333     3.48    -50.1        0     DEND
     344      343     1.33     4.45    -52.3        0     DEND
     923      344    0.333     4.83    -54.8        0     DEND
     924      923        1     4.83    -55.6        0     DEND
     345      924      0.5     4.14    -59.5        0     DEND
     346      345     1.67     3.36      -63        0     DEND
     347      346    0.333     8.02      -67        0     DEND
     348      347     1.33     9.31    -68.8        0     DEND
     349      348    0.333     9.97    -74.1        0     DEND
     350      349        1     9.86    -77.9        0     DEND
     351      350    0.333     9.91    -85.1        0     DEND
     352      351     1.67     10.1    -86.7        0     DEND
     353      352    0.333      7.9    -91.8        0     DEND
     354      353     1.17     8.36    -93.7        0     DEND
     355      354    0.333      9.6    -96.3        0     DEND
     356      355        1     11.2    -99.8        0     DEND
     357      356    0.333     13.2     -101        0     DEND
     358      357      1.5     14.3     -106        0     DEND
     359      358    0.333     16.9     -108        0     DEND
     360      359        1     17.5     -110        0     DEND
     361      346    0.333     1.01      -65        0     DEND
     362      361    0.833    0.345    -66.4        0     DEND
     363      362    0.333    -1.15    -69.3        0     DEND
     364      363        1    -1.75    -70.2        0     DEND
     365      364    0.333    -4.74    -72.9        0     DEND
     366      365    0.833    -5.66    -73.7        0     DEND
     367      366    0.333    -7.27      -77        0     DEND
     368      367     1.17    -7.87      -78        0     DEND
     369      336    0.667    -12.8    -39.9        0     DEND_PROX
     370      369     1.67    -16.3    -47.2        0     DEND_PROX
     371      370    0.333    -13.5    -50.9        0     DEND
     372      371    0.833      -13    -52.4        0     DEND
     373      372    0.333    -12.5    -54.3        0     DEND
     374      373        1    -12.2    -55.4        0     DEND
     375      374    0.333    -11.1    -57.3        0     DEND
     376      375     1.33    -9.91    -59.5        0     DEND
     377      376    0.333    -9.89    -63.1        0     DEND
     378      377     1.33    -10.4    -64.1        0     DEND
     379      378    0.333      -11    -68.6        0     DEND
     380      379      0.5      -11    -69.9        0     DEND
     381      380    0.333    -9.83      -72        0     DEND
     382      381        1    -10.1    -72.8        0     DEND
     383      382    0.333    -11.1    -76.4        0     DEND
     384      383    0.667    -11.2    -77.4        0     DEND
     385      384    0.333    -18.4    -85.3        0     DEND
     386      385      0.5      -19      -86        0     DEND
     387      386     1.33    -19.4    -86.4        0     DEND
     389      387    0.333    -21.9    -94.9        0     DEND
     390      389        1    -21.9    -96.5        0     DEND
     391      382    0.333    -1.44    -80.5        0     DEND
     392      391        1    -0.23    -80.4        0     DEND
     393      392    0.333     2.76    -77.5        0     DEND
     394      393        1      3.1    -77.2        0     DEND
     395      394    0.333     4.89    -77.3        0     DEND
     396        0     1.83    -1.84      -16      -12     DEND_PROX
     397      396        1     3.28    -16.9        0     DEND
     398      397      0.5     7.84    -14.4        0     DEND
     399      925    0.333     13.2      -13        0     DEND
     400      399    0.667     14.4    -12.8        0     DEND
     401      400    0.333       17    -12.7        0     DEND
     402      401    0.833     17.8    -12.4        0     DEND
     403      402    0.333     20.3    -10.7        0     DEND
     404      403    0.833     21.4    -11.2        0     DEND
     925      398        1     8.22    -13.4        0     DEND
     926      397        1     6.58    -23.1        0     DEND
     927      926    0.667     14.1    -24.8        0     DEND
     405      925    0.333      7.3    -8.05        0     DEND
     406      405    0.833     7.13    -6.72        0     DEND
     407      927     1.33     17.8    -26.7        0     DEND
     409      407    0.333     19.1    -28.5        0     DEND
     410      409      0.5     19.1    -31.6        0     DEND
     411      410    0.667     19.9    -33.4        0     DEND
     412      411     1.33     19.8    -36.3        0     DEND
     413      412    0.333     20.7    -45.1        0     DEND
     414      413        1     21.9    -46.5        0     DEND
     415      414    0.333       23    -47.6        0     DEND
     416      415    0.667     23.7    -48.3        0     DEND
     417      416    0.333     24.8    -50.4        0     DEND
     418      417        1     24.7    -52.1        0     DEND
     419      418    0.333     23.9    -54.3        0     DEND
     420      419    0.833     24.7    -55.4        0     DEND
     421      420    0.333     27.5    -57.2        0     DEND
     422      421    0.833     28.8    -57.5        0     DEND
     423      422      0.5     31.8    -65.7        0     DEND
     424      423     1.33     31.7    -67.6        0     DEND
     425      926      0.5     10.7    -27.6        0     DEND
     426      425    0.333     9.68    -31.4        0     DEND
     427      426     1.33     9.37    -32.7        0     DEND
     428      427      0.5     6.09    -37.4        0     DEND
     429      428    0.833        5    -38.1        0     DEND
     431      427      0.5     12.8    -35.6        0     DEND
     432      431        1     12.5    -36.8        0     DEND
     434      370    0.333    -19.7    -47.3        0     DEND
     435      434     1.17    -21.4    -47.1        0     DEND
     436      435    0.333    -29.5    -45.2        0     DEND
     437      436    0.833    -30.8      -45        0     DEND
     438      437    0.333    -33.5    -42.5        0     DEND
     439      438    0.667    -34.4    -42.4        0     DEND
     440      439    0.333    -36.8    -41.8        0     DEND
     441      440      0.5    -37.8    -41.6        0     DEND
     442      441    0.333      -44    -40.7        0     DEND
     443      442        1    -45.5    -39.1        0     DEND
     444      443    0.333      -50    -36.4        0     DEND
     445      444    0.667    -52.6    -35.7        0     DEND
     446      445    0.333    -57.5      -34        0     DEND
     447      446        1    -59.2    -34.3        0     DEND
     450      370    0.333    -20.3    -49.3        0     DEND
     451      450     1.42      -22    -50.1        0     DEND
     454      451    0.667    -26.8    -56.5        0     DEND
     455      454     1.17    -28.4    -57.5        0     DEND
     456      455    0.333    -28.3    -57.5        0     DEND
     457      456    0.667    -30.9    -59.9        0     DEND
     458      457    0.333    -34.6    -65.3        0     DEND
     459      458     1.67    -35.7    -65.5        0     DEND
     460      459    0.333    -42.5    -63.8        0     DEND
     461      460        1      -44      -62        0     DEND
     462      461    0.333    -54.5      -54        0     DEND
     463      462     1.17    -56.2    -51.5        0     DEND
     464      463    0.333      -61    -45.1        0     DEND
     465      464     1.33    -62.3    -43.6        0     DEND
     466      465    0.333    -63.5    -42.7        0     DEND
     467      466    0.833    -64.5      -42        0     DEND
     468      435      0.5    -25.3    -60.5        0     DEND
     469      468        2    -25.9    -61.8        0     DEND
     470      469    0.333      -22    -66.2        0     DEND
     471      470        1    -21.5    -67.8        0     DEND
     472      471    0.333    -21.6    -71.4        0     DEND
     473      472     1.17      -22    -72.5        0     DEND
     474      473    0.333    -25.3    -78.9        0     DEND
     475      474     1.17    -26.4      -80        0     DEND
     476      475    0.333    -29.2    -82.1        0     DEND
     477      476        1    -30.4    -82.8        0     DEND
     478      477    0.333    -32.9    -85.2        0     DEND
     479      478    0.667    -33.3    -85.6        0     DEND
     480      469    0.333    -28.8    -62.2        0     DEND
     481      480    0.667    -29.9    -63.2        0     DEND
     482      481    0.333    -31.8    -66.2        0     DEND
     483      482    0.833      -33    -67.4        0     DEND
     484      483    0.333    -37.2    -70.6        0     DEND
     485      484        1    -38.6      -71        0     DEND
     486      485    0.333    -41.7    -71.2        0     DEND
     487      486        1    -43.3    -71.3        0     DEND
     488      487    0.333      -48    -72.7        0     DEND
     489      488    0.667    -49.3    -72.6        0     DEND
     490      489    0.333    -51.1    -73.8        0     DEND
     491      490    0.667    -52.4    -74.8        0     DEND
     492      491    0.333    -56.9    -78.4        0     DEND
     493      492     1.33    -57.7    -79.5        0     DEND
     494      493    0.333    -60.7    -82.2        0     DEND
     495      494     1.33    -61.8      -83        0     DEND
     496      495    0.333    -64.2    -86.4        0     DEND
     497      496     1.33    -64.7    -87.9        0     DEND
     498      497    0.333      -69    -96.7        0     DEND
     499      498     1.67    -69.4      -98        0     DEND
     500      485    0.333    -36.3    -78.6        0     DEND
     501      500        1    -36.6    -79.6        0     DEND
     502      501    0.333    -37.7    -83.1        0     DEND
     503      502        1    -38.6    -83.7        0     DEND
     504      503    0.333    -39.6    -84.9        0     DEND
#
#  This is where axon used to be, now at 1000
#
     515      323    0.333    -62.6    -48.8        0     DEND
     516      515        1    -63.6    -49.7        0     DEND
     517        0      1.5    -19.8    -3.68      -12     DEND_PROX
     518      517    0.667    -26.8    -13.2       -5     DEND
     930      518     1.33      -27    -12.4        0     DEND
     519      518    0.333    -29.9      -13        0     DEND
     520      519      0.5    -30.8    -12.7        0     DEND
     521      520    0.333      -33      -11        0     DEND
     522      521      1.5    -34.4    -11.8        0     DEND
     947      522    0.667    -35.2    -11.9        0     DEND
     948      947     1.17    -37.2    -12.8        0     DEND
     523      948    0.667    -39.6    -14.3        0     DEND
     524      523    0.833    -40.9    -14.6        0     DEND
     525      524    0.667    -44.2    -15.5        0     DEND
     526      525     1.67    -47.2    -15.6        0     DEND
     527      526    0.333    -55.2    -11.4        0     DEND
     528      527    0.833    -56.3      -11        0     DEND
     529      528    0.333    -60.2    -12.4        0     DEND
     530      529        1    -61.7    -11.6        0     DEND
     531      530    0.333    -66.7    -9.28        0     DEND
     532      531     1.17    -67.9    -8.88        0     DEND
     533      518      0.5      -27    -17.3        0     DEND
     534      533        2      -28    -19.7        0     DEND
     535      534    0.333    -34.1    -21.3        0     DEND
     536      535     1.17      -35    -22.1        0     DEND
     537      536    0.333    -37.5    -19.5        0     DEND
     538      536    0.333    -40.9    -25.4        0     DEND
     539      538     1.17    -41.8    -25.6        0     DEND
     931      539    0.667    -46.3    -30.2        0     DEND
     932      931     1.33    -46.3    -30.4        0     DEND
     933      534    0.333    -26.3    -21.7        0     DEND
     934      933        1    -26.6    -22.3        0     DEND
     540      534    0.333      -42    -25.6        0     DEND
     541      517      0.5    -33.1     4.94       -5     DEND
     542      541     1.83    -37.1     9.25        0     DEND
     543      542    0.333    -31.9     12.3        0     DEND
     544      543     1.83    -32.4     14.3        0     DEND
     545      544    0.333    -35.9     23.2        0     DEND
     546      545     1.33    -36.7     26.4        0     DEND
     547      542      0.5    -44.5     10.4        0     DEND
     548      547     1.67    -46.9     16.1        0     DEND
     549      548    0.333    -55.2     21.6        0     DEND
     550      549     1.33    -56.7     22.7        0     DEND
     553      550    0.333    -55.3     24.5        0     DEND
     554      553     1.33    -55.8     25.5        0     DEND
     555      554    0.333    -55.9     27.8        0     DEND
     556      555      0.5    -55.9     28.8        0     DEND
     557      556    0.333    -56.1     31.9        0     DEND
     558      557      0.5    -57.5     32.8        0     DEND
     559      558    0.333    -60.4     35.1        0     DEND
     560      559      0.5    -60.9     33.7        0     DEND
     563      550    0.333    -65.4     26.4        0     DEND
     564      563    0.833    -68.8     27.8        0     DEND
     567      547    0.333    -50.5     6.61        0     DEND
     568      547        1    -51.4      6.9        0     DEND
     569      568    0.333    -53.7     7.79        0     DEND
     570      569        1    -54.4     8.51        0     DEND
     571      570    0.333    -60.2     9.97        0     DEND
     572      571        1    -61.6     10.9        0     DEND
     573      572    0.333    -66.4     15.2        0     DEND
     574      573        1    -67.9     16.3        0     DEND
     575      574    0.333      -71       20        0     DEND
     576      575        1    -72.5     21.5        0     DEND
     577      576    0.333      -75     26.3        0     DEND
     578      577     1.33    -73.9     27.4        0     DEND
     579      578      0.5    -71.7     29.6        0     DEND
     580      579     1.33    -70.9     30.9        0     DEND
     581      568      0.5    -51.7     3.39        0     DEND
     582      581        1    -52.6     2.56        0     DEND
     583      582    0.333    -54.3     3.45        0     DEND
     584      583        1    -55.5     2.84        0     DEND
     585      584    0.333    -62.2   -0.805        0     DEND
     586      585        1      -64   -0.805        0     DEND
     587      586    0.333    -65.9    -1.49        0     DEND
     588      587      0.5    -67.4    -1.93        0     DEND
     589      588    0.333    -69.4    -2.44        0     DEND
     590      589        1    -71.3    -3.51        0     DEND
     591      590    0.333    -76.2     -4.4        0     DEND
     592      591      1.5    -77.5    -4.71        0     DEND
     935      582    0.333    -49.9    0.718        0     DEND
     936      935        1    -49.6    0.115        0     DEND
     937      936    0.333    -49.4    -1.41        0     DEND
     938      937        1    -49.2    -2.33        0     DEND
     939      938    0.333    -49.8    -6.61        0     DEND
     940      939    0.667    -49.8    -7.21        0     DEND
     593      940    0.333    -52.4    -17.5        0     DEND
     594      593    0.833    -52.1    -18.5        0     DEND
     595        0      2.5    -6.29     13.9      -12     DEND_PROX
     596      595     1.33    -12.9     14.5      -10     DEND_PROX
     598      596        1    -30.9     21.1       -5     DEND_PROX
     599      598        1    -41.3     17.7        0     DEND_PROX
     600      595     1.67    -1.78     24.8        0     DEND_PROX
     601      600    0.333      1.9     25.1        0     DEND
     602      601      1.5     2.84     25.3        0     DEND
     603      602    0.333     5.72     25.7        0     DEND
     604      603        1     6.72     26.1        0     DEND
     605      604    0.333     11.3       27        0     DEND
     606      605     1.33     13.8     27.2        0     DEND
     607      600        2    -6.84     27.5        0     DEND_PROX
     610      607      0.5    -28.3     34.8        0     DEND
     611      610        1    -30.6     35.6        0     DEND
     612      611    0.333    -34.9     36.8        0     DEND
     613      612    0.667    -36.5     37.1        0     DEND
     614      613    0.333    -38.6       38        0     DEND
     615      614        1    -40.3     38.8        0     DEND
     616      615      0.5    -41.8     38.8        0     DEND
     617      616     1.17    -45.4     38.1        0     DEND
     620      617    0.333      -52     40.1        0     DEND
     621      620     1.17    -53.9     41.6        0     DEND
     622      621      0.5    -60.8     41.8        0     DEND
     623      622     1.33    -65.3     37.8        0     DEND
     624      623    0.333    -71.7     38.8        0     DEND
     625      624        1    -75.4     40.6        0     DEND
     626      625    0.667    -73.6     33.9        0     DEND
     627      626      1.5    -74.5       33        0     DEND
     628      627    0.333    -76.9     31.5        0     DEND
     629      625    0.333      -78     43.6        0     DEND
     630      629      0.6    -78.9     43.9        0     DEND
     631      630    0.333    -85.7     48.9        0     DEND
     632      631    0.833    -86.6     50.9        0     DEND
     633      632    0.333    -87.6     52.7        0     DEND
     634      633      0.5    -87.9     53.1        0     DEND
     635      634    0.333    -90.3     55.3        0     DEND
     636      635      0.5    -90.9     56.2        0     DEND
     637      636    0.333    -93.1     58.4        0     DEND
     638      637     1.33    -93.9     59.6        0     DEND
     639      638    0.333    -94.1     62.2        0     DEND
     640      639    0.667    -94.6     62.9        0     DEND
     641      598     1.33    -34.5     24.2        0     DEND
     642      641     1.83    -34.7     26.4        0     DEND
     643      642    0.333    -34.6     29.3        0     DEND
     644      643     1.33    -34.7     30.5        0     DEND
     645      644    0.333    -35.6     34.4        0     DEND
     646      645      1.1    -36.4     35.6        0     DEND
     647      646    0.333    -35.1     39.9        0     DEND
     648      647        1    -35.5     40.8        0     DEND
     649      648    0.333    -36.6     45.1        0     DEND
     650      599    0.333    -49.8     23.4        0     DEND
     651      650        1      -50     25.1        0     DEND
     652      651    0.333    -49.3     28.6        0     DEND
     653      652     1.17    -49.8     29.4        0     DEND
     654      653    0.333      -50     33.7        0     DEND
     655      654      1.5    -51.1     37.5        0     DEND
     656      655    0.333      -52     43.9        0     DEND
     657      656        1    -53.6     45.2        0     DEND
     658      657    0.333    -50.6     46.8        0     DEND
     659      658    0.667    -49.6     48.4        0     DEND
     660      659      0.5    -49.3     51.6        0     DEND
     661      657    0.333      -55       46        0     DEND
     662      661     1.17    -57.1       48        0     DEND
     663      662    0.333      -60     51.1        0     DEND
     664      663        1    -61.1     52.3        0     DEND
     665      664    0.333      -64     55.4        0     DEND
     666      665        1    -64.9     56.6        0     DEND
     667      666    0.333    -66.6     58.9        0     DEND
     668      667    0.667    -67.5     60.1        0     DEND
     669      668    0.333    -70.1       63        0     DEND
     670      669        1      -71     64.2        0     DEND
     671      670    0.333    -75.9     67.2        0     DEND
     672      671    0.667    -77.1     68.1        0     DEND
     673      672    0.333    -81.4     70.5        0     DEND
     674      673        1    -82.9     71.9        0     DEND
     675      674    0.333    -90.7     79.4        0     DEND
     676      675    0.833    -91.7     81.1        0     DEND
     677      676    0.333    -92.4     84.8        0     DEND
     678      677    0.667    -92.6     85.9        0     DEND
     679      678    0.333    -92.5     90.9        0     DEND
     680      679    0.667    -92.4     92.7        0     DEND
     681      680    0.333    -92.5     94.8        0     DEND
     682      661    0.333    -61.3     49.1        0     DEND
     683      682    0.667    -62.9     49.8        0     DEND
     684      683    0.333    -65.5     49.6        0     DEND
     685      684        1    -66.8     49.8        0     DEND
     686      685    0.333    -71.2     52.2        0     DEND
     687      686     1.33    -74.4     54.1        0     DEND
     688      687    0.333    -77.4     55.9        0     DEND
     689      688        1    -78.9     56.8        0     DEND
     690      689    0.333    -81.9     58.7        0     DEND
     691      690    0.833    -83.1       60        0     DEND
     692      691    0.333    -89.4       66        0     DEND
     693      692        1    -91.3     67.1        0     DEND
     694      693    0.333    -95.9       69        0     DEND
     695      694    0.667    -97.1     69.6        0     DEND
     696      695    0.333     -110     76.2        0     DEND
     697      696     1.33     -112     77.5        0     DEND
     698      599        1    -52.8     19.2        0     DEND
     703      564    0.667    -73.6     30.9        0     DEND
     704      703     1.33    -74.5       32        0     DEND
     705      704      0.5    -78.8     38.6        0     DEND
     706      705    0.667    -80.5     41.5        0     DEND
     707      706      0.5      -83     44.7        0     DEND
     708      707     1.33    -83.6     45.7        0     DEND
     709      698    0.833    -58.3     16.4        0     DEND
     710      709     2.33    -63.1     16.1        0     DEND
     711      710      0.5    -78.1     20.9        0     DEND
     712      711    0.333    -82.6     17.4        0     DEND
     713      712     1.33    -84.2     16.4        0     DEND
     714      713    0.333    -86.1     14.4        0     DEND
     715      714    0.667      -87     14.1        0     DEND
     716      715    0.333    -91.3     12.7        0     DEND
     717      716        1      -93     12.6        0     DEND
     718      717    0.333    -99.3     13.5        0     DEND
     719      718        1     -101     13.6        0     DEND
     720      719    0.333     -104     14.4        0     DEND
     721      720    0.667     -106     14.3        0     DEND
     722      721    0.333     -108     13.4        0     DEND
     723      722        1     -109     13.4        0     DEND
     724      723    0.333     -112     10.6        0     DEND
     725      724     1.67     -113     9.74        0     DEND
     726      725    0.333     -126     9.86        0     DEND
     727      726     1.33     -129     10.1        0     DEND
     730      725    0.333     -116     10.4        0     DEND
     731      730        1     -117     9.74        0     DEND
     732      731    0.333     -119     8.68        0     DEND
     733      732        1     -120     7.53        0     DEND
     734      733    0.333     -120     3.33        0     DEND
     735      734        1     -120     1.72        0     DEND
     736      711    0.333    -86.8     24.2        0     DEND
     737      736     1.83      -92     24.4        0     DEND
     738      737    0.333    -94.5     25.7        0     DEND
     739      738        1    -94.8     26.8        0     DEND
     740      739    0.333      -94       30        0     DEND
     741      740    0.667    -94.5     31.2        0     DEND
     742      741    0.333    -96.7     34.6        0     DEND
     743      742    0.833    -98.4       35        0     DEND
     744      743    0.333     -110     38.7        0     DEND
     745      744    0.833     -112     39.1        0     DEND
     746      745    0.333    -94.1     41.1        0     DEND
     747      746        1    -93.9     43.8        0     DEND
     748      747    0.333    -93.5     47.1        0     DEND
     749      748    0.833    -93.7     48.9        0     DEND
     750      749    0.333    -95.1     52.1        0     DEND
     751      750    0.667      -96     53.4        0     DEND
     752      751    0.333    -98.2       57        0     DEND
     753      752    0.833      -99     57.9        0     DEND
     754      743    0.333     -110     38.8        0     DEND
     755      754        1     -112     39.1        0     DEND
     756      755    0.333     -128     45.4        0     DEND
     757      756        1     -130     46.1        0     DEND
     758      757    0.333     -133     47.5        0     DEND
     759      737    0.333     -105     24.1        0     DEND
     760      759    0.667     -106     24.1        0     DEND
     761      760    0.333     -108     24.6        0     DEND
     762      761    0.667     -109     24.7        0     DEND
     763      762    0.333     -113     24.9        0     DEND
     764      763     1.83     -118     25.5        0     DEND
     765      764    0.333     -122     26.6        0     DEND
     766      765    0.667     -123     26.7        0     DEND
     767      766    0.333     -128     25.4        0     DEND
     768      767        1     -129     25.2        0     DEND
     769      768    0.333     -131     21.1        0     DEND
     770      769     1.17     -132       20        0     DEND
     771      770    0.333     -135     13.9        0     DEND
     772      771    0.667     -135     13.1        0     DEND
     773      768    0.333     -139     32.8        0     DEND
     774      773        1     -141     33.8        0     DEND
     775      774    0.333     -145     38.1        0     DEND
     776      710    0.333    -62.7     11.5        0     DEND
     777      776    0.833    -64.1     10.6        0     DEND
     778      777    0.333    -66.1     9.68        0     DEND
     779      778      1.5    -67.6       10        0     DEND
     780      779    0.333    -71.5     8.16        0     DEND
     781      780        1    -72.4     8.25        0     DEND
     782      781    0.333    -80.2     6.78        0     DEND
     783      782        1      -82     7.16        0     DEND
     784      783      0.5    -85.7     6.75        0     DEND
     785      784      0.9    -87.5     6.32        0     DEND
     786      785      0.5    -90.9    0.891        0     DEND
     787      786    0.833    -90.6    0.144        0     DEND
     788      787    0.333    -85.6    -1.21        0     DEND
     789      788        1    -84.4    -1.84        0     DEND
     790      787    0.333      -95    -5.98        0     DEND
     791      790        1    -95.9    -6.49        0     DEND
     792      791    0.333    -93.3    -8.82        0     DEND
     793      791    0.333    -97.4    -8.45        0     DEND
     794      793        1    -98.4    -9.51        0     DEND
     795      794    0.333     -100    -10.4        0     DEND
     796      795        1     -101    -11.1        0     DEND
     797      796    0.333     -104    -13.2        0     DEND
     798      797    0.667     -106    -12.7        0     DEND
     799      798    0.833     -107    -12.2        0     DEND
     800      799    0.333     -117    -10.8        0     DEND
     801      799    0.333     -110    -21.5        0     DEND
     802      801    0.833     -111    -22.9        0     DEND
     803      802    0.333     -113      -34        0     DEND
     804      803    0.667     -113    -35.1        0     DEND
     805      804    0.333     -113    -47.1        0     DEND
     806      805    0.667     -114    -48.2        0     DEND
     807      607     1.33    -10.9     42.4        0     DEND
     808      807      0.5    -19.1       44        0     DEND
     809      808    0.667    -16.6     48.9        0     DEND
     810      809      0.5    -17.5     58.7        0     DEND
     811      810        1    -18.1     60.1        0     DEND
     812      807      0.5    -5.55     47.5        0     DEND
     813      812     1.33    -5.09     47.9        0     DEND
     814      813    0.333    -6.24     50.5        0     DEND
     815      813    0.333    -2.99     49.7        0     DEND
     816      815     1.17   -0.948     53.4        0     DEND
     817      816    0.333     5.23     49.9        0     DEND
     818      817        1      6.9     49.7        0     DEND
     819      818    0.333     14.3     48.9        0     DEND
     820      819     1.17     15.5     47.8        0     DEND
     821      820    0.333     18.5     47.8        0     DEND
     822      821        1     19.6       48        0     DEND
     823      822    0.333     26.6     48.2        0     DEND
     824      823        1       28     48.2        0     DEND
     825      824    0.667     35.6     46.8        0     DEND
     826      825        1     36.5     46.5        0     DEND
     827      816      0.5     5.55     54.9        0     DEND
     828      827     1.17     7.93     54.9        0     DEND
     941      828    0.333     10.6     54.7        0     DEND
     942      941    0.667       11     54.4        0     DEND
     943      832    0.833     12.8     60.1        0     DEND
     944      943        1     13.2     60.5        0     DEND
     945      844    0.333     27.4     77.9        0     DEND
     946      945     1.33     27.6     78.6        0     DEND
     829      942    0.333       12     54.6        0     DEND
     830      829        1     13.5     54.6        0     DEND
     831      828      0.5     11.7     57.6        0     DEND
     832      831        1     12.1     58.5        0     DEND
     833      832      0.5     17.6     63.1        0     DEND
     834      833    0.333     18.4     61.8        0     DEND
     835      834    0.833     19.2     61.5        0     DEND
     836      835    0.333     23.3     62.4        0     DEND
     837      836     1.67     24.7     62.8        0     DEND
     838      837    0.333     31.2     65.2        0     DEND
     839      838        1     32.4     65.9        0     DEND
     840      839    0.333     38.2     69.5        0     DEND
     841      833    0.333     24.4     71.2        0     DEND
     842      841        1     24.4     72.3        0     DEND
     843      842    0.333     25.5     73.4        0     DEND
     844      843    0.833     26.6     74.5        0     DEND
     845      844      0.5     24.6     82.3        0     DEND
     846      845    0.667       24       83        0     DEND
     847      808    0.833    -38.2     50.4        0     DEND
     848      847     1.83    -40.1     53.2        0     DEND
     849      848    0.333    -42.6     55.1        0     DEND
     850      849    0.667    -43.4     55.9        0     DEND
     851      850    0.333    -44.9     57.5        0     DEND
     852      851        1    -46.3     58.4        0     DEND
     853      852    0.333    -51.7     61.8        0     DEND
     854      853        1      -53     62.5        0     DEND
     855      854    0.333    -56.1     64.8        0     DEND
     856      855    0.667    -56.9     65.8        0     DEND
     857      856    0.333    -62.8     70.3        0     DEND
     858      857        1    -63.7     71.7        0     DEND
     859      858    0.333    -65.3     74.6        0     DEND
     860      859     1.33    -66.1     75.6        0     DEND
     861      860    0.333      -75     85.7        0     DEND
     862      861    0.833    -75.4       87        0     DEND
     863      862    0.333    -75.4     89.5        0     DEND
     864      863    0.667    -76.1     90.3        0     DEND
     865      864    0.333    -77.8     91.6        0     DEND
     866      865    0.833    -78.8     92.2        0     DEND
     867      848    0.333    -34.7     60.2        0     DEND
     868      867     1.83      -34     61.2        0     DEND
     869      868    0.333    -30.3     58.6        0     DEND
     870      869    0.667    -29.5     59.3        0     DEND
     871      868    0.333      -37     70.8        0     DEND
     872      871    0.667    -37.5     72.2        0     DEND
     873      872    0.333    -38.1     75.4        0     DEND
     874      873     1.33    -37.3     76.8        0     DEND
     875      874    0.333    -32.2     74.1        0     DEND
     876      875    0.667    -31.1     74.3        0     DEND
     877      874    0.333    -37.7     85.5        0     DEND
     878      877        1    -38.3     86.5        0     DEND
     879      878      0.5    -36.9     89.3        0     DEND
     880      878    0.333    -41.5     88.3        0     DEND
     881      880    0.833    -42.1     90.3        0     DEND
     882      881    0.333    -44.1      101        0     DEND
     883      882    0.667    -42.4      102        0     DEND
     884      883    0.333    -37.6      109        0     DEND
     885      884        1    -36.2      110        0     DEND
     886      885    0.333    -34.5      110        0     DEND
#
    1505        0      1.5    -3.25    -30        -30  HILLOCK
    1506     1505    ath_dia  -10.5    -47.6      -30     AXON_THIN
    1507     1506    ath_dia  -18.5    -58.4      -30     AXON_THIN
    1508     1507    ath_dia  -27.4    -69.6      -30     AXON_THIN
    1509     1508    ath_dia  -30.9    -75.5      -30     AXON_THIN
    1510     1509    ath_dia  -34.5    -81.6      -30     AXON_THIN
    1511     1510    0.833    -35.5    -84.2      -30     AXON
    1512     1511     1.33    -41.8    -101       -30     AXON
    1513     1512     1.33    -50      -120       -30     AXON
    1514     1513     1.33    -80      -160       -30     AXON
    1515     1514     1.5     -501.8   -1001      -30     AXON_LONG
    1516     1515     1.5    -1000     -2000      -30     AXON_LONG
